Date,Open,High,Low,Close,Volume,Dividends,Stock Splits
2019-07-29,0.9599999785423279,0.9700000286102295,0.949999988079071,0.9599999785423279,104400,0,0
2019-07-30,0.9300000071525574,0.9700000286102295,0.9300000071525574,0.9599999785423279,149600,0,0
2019-07-31,0.9700000286102295,0.9900000095367432,0.9700000286102295,0.9800000190734863,126800,0,0
2019-08-01,0.949999988079071,0.9900000095367432,0.9399999976158142,0.9599999785423279,160700,0,0
2019-08-02,0.9700000286102295,0.9800000190734863,0.9200000166893005,0.9200000166893005,129200,0,0
2019-08-05,0.9399999976158142,0.9700000286102295,0.8999999761581421,0.8999999761581421,125100,0,0
2019-08-06,0.9399999976158142,0.9399999976158142,0.9100000262260437,0.9100000262260437,130400,0,0
2019-08-07,0.8999999761581421,0.9399999976158142,0.8799999952316284,0.9300000071525574,272400,0,0
2019-08-08,0.9200000166893005,0.9399999976158142,0.8799999952316284,0.9399999976158142,89700,0,0
2019-08-09,0.9300000071525574,0.9599999785423279,0.9300000071525574,0.9399999976158142,124800,0,0
2019-08-12,0.949999988079071,1.0099999904632568,0.9399999976158142,1.0099999904632568,185200,0,0
2019-08-13,0.9800000190734863,1.0099999904632568,0.9700000286102295,0.9800000190734863,203300,0,0
2019-08-14,0.9599999785423279,1.0,0.9599999785423279,0.9900000095367432,189100,0,0
2019-08-15,0.9800000190734863,1.0,0.9599999785423279,0.9900000095367432,154800,0,0
2019-08-16,0.9700000286102295,1.0,0.9700000286102295,0.9800000190734863,139800,0,0
2019-08-19,0.9700000286102295,1.0099999904632568,0.949999988079071,0.9700000286102295,174300,0,0
2019-08-20,0.9700000286102295,0.9800000190734863,0.9599999785423279,0.9700000286102295,218000,0,0
2019-08-21,0.9700000286102295,0.9800000190734863,0.9200000166893005,0.9300000071525574,137700,0,0
2019-08-22,0.9200000166893005,0.9599999785423279,0.9100000262260437,0.9300000071525574,203000,0,0
2019-08-23,0.9200000166893005,0.9399999976158142,0.8999999761581421,0.8999999761581421,158900,0,0
2019-08-26,0.8999999761581421,0.8999999761581421,0.699999988079071,0.7099999785423279,182100,0,0
2019-08-27,0.7099999785423279,0.7400000095367432,0.6000000238418579,0.6000000238418579,102100,0,0
2019-08-28,0.6299999952316284,0.699999988079071,0.6000000238418579,0.6200000047683716,83100,0,0
2019-08-29,0.6200000047683716,0.699999988079071,0.6100000143051147,0.6700000166893005,50400,0,0
2019-08-30,0.6700000166893005,0.7300000190734863,0.5799999833106995,0.6100000143051147,149500,0,0
2019-09-03,0.6000000238418579,0.6700000166893005,0.5799999833106995,0.6000000238418579,184900,0,0
2019-09-04,0.6399999856948853,0.6499999761581421,0.5899999737739563,0.6299999952316284,131700,0,0
2019-09-05,0.6100000143051147,0.6800000071525574,0.6000000238418579,0.6499999761581421,196500,0,0
2019-09-06,0.6899999976158142,0.7400000095367432,0.6700000166893005,0.699999988079071,176500,0,0
2019-09-09,0.7300000190734863,0.8899999856948853,0.7099999785423279,0.7400000095367432,112000,0,0
2019-09-10,0.7799999713897705,0.7799999713897705,0.6399999856948853,0.7200000286102295,201100,0,0
2019-09-11,0.7300000190734863,0.7699999809265137,0.6700000166893005,0.7699999809265137,130600,0,0
2019-09-12,0.7400000095367432,0.7799999713897705,0.699999988079071,0.7699999809265137,124000,0,0
2019-09-13,0.7300000190734863,0.8100000023841858,0.6800000071525574,0.800000011920929,124300,0,0
2019-09-16,0.8500000238418579,0.8899999856948853,0.8100000023841858,0.8700000047683716,177000,0,0
2019-09-17,0.8899999856948853,0.9599999785423279,0.8500000238418579,0.8999999761581421,248600,0,0
2019-09-18,0.9200000166893005,0.949999988079071,0.8799999952316284,0.9300000071525574,215500,0,0
2019-09-19,0.8899999856948853,0.9399999976158142,0.800000011920929,0.8399999737739563,245200,0,0
2019-09-20,0.8199999928474426,0.8799999952316284,0.800000011920929,0.8700000047683716,244200,0,0
2019-09-23,0.8999999761581421,0.8999999761581421,0.75,0.8199999928474426,240700,0,0
2019-09-24,0.8199999928474426,0.8700000047683716,0.7300000190734863,0.7799999713897705,148300,0,0
2019-09-25,0.7699999809265137,0.800000011920929,0.6700000166893005,0.7300000190734863,121500,0,0
2019-09-26,0.7599999904632568,0.7699999809265137,0.7200000286102295,0.7300000190734863,92600,0,0
2019-09-27,0.699999988079071,0.7599999904632568,0.5400000214576721,0.6399999856948853,199000,0,0
2019-09-30,0.6399999856948853,0.6800000071525574,0.5799999833106995,0.6000000238418579,112300,0,0
2019-10-01,0.6000000238418579,0.6100000143051147,0.5699999928474426,0.6100000143051147,58300,0,0
2019-10-02,0.6200000047683716,0.6299999952316284,0.5299999713897705,0.6000000238418579,78900,0,0
2019-10-03,0.6000000238418579,0.6100000143051147,0.550000011920929,0.5600000023841858,67600,0,0
2019-10-04,0.5699999928474426,0.5899999737739563,0.5699999928474426,0.5799999833106995,40600,0,0
2019-10-07,0.5799999833106995,0.5799999833106995,0.5199999809265137,0.5600000023841858,54800,0,0
2019-10-08,0.550000011920929,0.6000000238418579,0.5400000214576721,0.5899999737739563,108400,0,0
2019-10-09,0.5899999737739563,0.6299999952316284,0.5199999809265137,0.5799999833106995,139100,0,0
2019-10-10,0.5600000023841858,0.6100000143051147,0.5299999713897705,0.5799999833106995,196000,0,0
2019-10-11,0.5600000023841858,0.6000000238418579,0.550000011920929,0.5899999737739563,139100,0,0
2019-10-14,0.6000000238418579,0.6000000238418579,0.5199999809265137,0.5600000023841858,72700,0,0
2019-10-15,0.5699999928474426,0.5799999833106995,0.550000011920929,0.550000011920929,66000,0,0
2019-10-16,0.5799999833106995,0.6000000238418579,0.5600000023841858,0.5899999737739563,470700,0,0
2019-10-17,0.6499999761581421,0.6800000071525574,0.5899999737739563,0.6100000143051147,479000,0,0
2019-10-18,0.6000000238418579,0.6000000238418579,0.5099999904632568,0.5400000214576721,174000,0,0
2019-10-21,0.5299999713897705,0.5400000214576721,0.5199999809265137,0.5299999713897705,80100,0,0
2019-10-22,0.5400000214576721,0.5600000023841858,0.47999998927116394,0.47999998927116394,145100,0,0
2019-10-23,0.46000000834465027,0.5199999809265137,0.46000000834465027,0.5,70500,0,0
2019-10-24,0.5199999809265137,0.5299999713897705,0.5099999904632568,0.5199999809265137,58500,0,0
2019-10-25,0.5,0.5099999904632568,0.44999998807907104,0.5,84300,0,0
2019-10-28,0.5,0.5400000214576721,0.5,0.5199999809265137,99500,0,0
2019-10-29,0.5,0.5199999809265137,0.47999998927116394,0.5,112100,0,0
2019-10-30,0.5299999713897705,0.5799999833106995,0.47999998927116394,0.5299999713897705,190100,0,0
2019-10-31,0.5699999928474426,0.5899999737739563,0.5199999809265137,0.5299999713897705,178600,0,0
2019-11-01,0.5699999928474426,0.5699999928474426,0.5199999809265137,0.5299999713897705,109400,0,0
2019-11-04,0.5299999713897705,0.5299999713897705,0.5099999904632568,0.5199999809265137,99500,0,0
2019-11-05,0.5299999713897705,0.5299999713897705,0.49000000953674316,0.5,83600,0,0
2019-11-06,0.5,0.5199999809265137,0.49000000953674316,0.5,78800,0,0
2019-11-07,0.49000000953674316,0.550000011920929,0.47999998927116394,0.49000000953674316,150700,0,0
2019-11-08,0.49000000953674316,0.5199999809265137,0.46000000834465027,0.47999998927116394,94000,0,0
2019-11-11,0.5,0.5,0.46000000834465027,0.46000000834465027,126700,0,0
2019-11-12,0.46000000834465027,0.4699999988079071,0.44999998807907104,0.44999998807907104,88300,0,0
2019-11-13,0.44999998807907104,0.46000000834465027,0.4399999976158142,0.44999998807907104,76000,0,0
2019-11-14,0.4399999976158142,0.5,0.4300000071525574,0.4300000071525574,53100,0,0
2019-11-15,0.4300000071525574,0.47999998927116394,0.4300000071525574,0.4399999976158142,11200,0,0
2019-11-18,0.46000000834465027,0.49000000953674316,0.4000000059604645,0.41999998688697815,30100,0,0
2019-11-19,0.44999998807907104,0.4699999988079071,0.4300000071525574,0.4300000071525574,47800,0,0
2019-11-20,0.4099999964237213,0.49000000953674316,0.4000000059604645,0.49000000953674316,49000,0,0
2019-11-21,0.4699999988079071,0.4699999988079071,0.44999998807907104,0.4699999988079071,53200,0,0
2019-11-22,0.5600000023841858,0.6299999952316284,0.550000011920929,0.6000000238418579,706900,0,0
2019-11-25,0.699999988079071,0.9100000262260437,0.6399999856948853,0.7699999809265137,1327500,0,0
2019-11-26,0.7699999809265137,0.8500000238418579,0.75,0.800000011920929,261100,0,0
2019-11-27,0.800000011920929,0.8399999737739563,0.800000011920929,0.800000011920929,54300,0,0
2019-11-29,0.8199999928474426,0.8500000238418579,0.6600000262260437,0.800000011920929,198800,0,0
2019-12-02,0.8100000023841858,0.9700000286102295,0.8100000023841858,0.9399999976158142,390000,0,0
2019-12-03,1.0199999809265137,1.059999942779541,1.0,1.059999942779541,326000,0,0
2019-12-04,1.0800000429153442,1.100000023841858,1.0199999809265137,1.059999942779541,175300,0,0
2019-12-05,1.0299999713897705,1.0800000429153442,1.0,1.059999942779541,270600,0,0
2019-12-06,1.0299999713897705,1.090000033378601,1.0299999713897705,1.059999942779541,94700,0,0
2019-12-09,1.0199999809265137,1.0800000429153442,1.0199999809265137,1.059999942779541,80900,0,0
2019-12-10,1.0399999618530273,1.0700000524520874,1.0199999809265137,1.0499999523162842,114000,0,0
2019-12-11,1.0499999523162842,1.059999942779541,0.949999988079071,1.0399999618530273,90200,0,0
2019-12-12,1.0299999713897705,1.0800000429153442,1.0199999809265137,1.0700000524520874,151500,0,0
2019-12-13,1.0499999523162842,1.1399999856948853,1.0299999713897705,1.0800000429153442,101100,0,0
2019-12-16,1.0800000429153442,1.149999976158142,1.0700000524520874,1.100000023841858,115200,0,0
2019-12-17,1.1200000047683716,1.1200000047683716,1.0499999523162842,1.100000023841858,27000,0,0
2019-12-18,1.090000033378601,1.100000023841858,1.0700000524520874,1.090000033378601,19700,0,0
2019-12-19,1.100000023841858,1.100000023841858,1.0499999523162842,1.0800000429153442,66100,0,0
2019-12-20,1.059999942779541,1.1100000143051147,1.059999942779541,1.090000033378601,24500,0,0
2019-12-23,1.100000023841858,1.149999976158142,1.100000023841858,1.1200000047683716,26900,0,0
2019-12-24,1.090000033378601,1.149999976158142,1.090000033378601,1.1200000047683716,37500,0,0
2019-12-26,1.100000023841858,1.149999976158142,1.090000033378601,1.1399999856948853,27300,0,0
2019-12-27,1.149999976158142,1.1699999570846558,1.1399999856948853,1.1399999856948853,50000,0,0
2019-12-30,1.1299999952316284,1.159999966621399,1.100000023841858,1.1299999952316284,42100,0,0
2019-12-31,1.100000023841858,1.2000000476837158,1.100000023841858,1.149999976158142,69600,0,0
2020-01-02,1.149999976158142,1.159999966621399,1.100000023841858,1.1399999856948853,29600,0,0
2020-01-03,1.159999966621399,1.159999966621399,1.100000023841858,1.1399999856948853,13900,0,0
2020-01-06,1.159999966621399,1.159999966621399,1.100000023841858,1.1200000047683716,26400,0,0
2020-01-07,1.090000033378601,1.100000023841858,0.9800000190734863,0.9800000190734863,38600,0,0
2020-01-08,0.9800000190734863,1.0399999618530273,0.9700000286102295,1.0,13200,0,0
2020-01-09,1.0199999809265137,1.0199999809265137,0.800000011920929,0.8600000143051147,190900,0,0
2020-01-10,0.8600000143051147,1.100000023841858,0.8600000143051147,0.9300000071525574,941000,0,0
2020-01-13,0.949999988079071,1.0,0.8600000143051147,0.8700000047683716,55100,0,0
2020-01-14,0.8799999952316284,0.8799999952316284,0.8100000023841858,0.8100000023841858,60800,0,0
2020-01-15,0.800000011920929,0.8899999856948853,0.800000011920929,0.8899999856948853,25300,0,0
2020-01-16,0.8799999952316284,0.8999999761581421,0.8500000238418579,0.8700000047683716,41900,0,0
2020-01-17,0.9100000262260437,0.9100000262260437,0.8500000238418579,0.8600000143051147,31200,0,0
2020-01-21,0.8299999833106995,0.8399999737739563,0.8100000023841858,0.8199999928474426,31100,0,0
2020-01-22,0.8500000238418579,0.8500000238418579,0.8100000023841858,0.8100000023841858,15100,0,0
2020-01-23,0.800000011920929,0.8299999833106995,0.800000011920929,0.8199999928474426,2500,0,0
2020-01-24,0.7900000214576721,0.8199999928474426,0.75,0.7799999713897705,18900,0,0
2020-01-27,0.7400000095367432,0.800000011920929,0.7400000095367432,0.7400000095367432,36900,0,0
2020-01-28,0.6600000262260437,0.7400000095367432,0.6600000262260437,0.7200000286102295,8700,0,0
2020-01-29,0.699999988079071,0.7599999904632568,0.699999988079071,0.7099999785423279,19000,0,0
2020-01-30,0.6800000071525574,0.7200000286102295,0.6700000166893005,0.6700000166893005,23400,0,0
2020-01-31,0.7900000214576721,0.7900000214576721,0.6800000071525574,0.7099999785423279,29600,0,0
2020-02-03,0.7400000095367432,0.8299999833106995,0.6800000071525574,0.7300000190734863,263500,0,0
2020-02-04,0.7099999785423279,0.7599999904632568,0.6700000166893005,0.7099999785423279,60200,0,0
2020-02-05,0.699999988079071,0.699999988079071,0.6600000262260437,0.6700000166893005,94300,0,0
2020-02-06,0.6600000262260437,0.75,0.6000000238418579,0.6700000166893005,31300,0,0
2020-02-07,0.6299999952316284,0.6899999976158142,0.6299999952316284,0.6399999856948853,26100,0,0
2020-02-10,0.6499999761581421,0.7300000190734863,0.6200000047683716,0.6700000166893005,19100,0,0
2020-02-11,0.699999988079071,0.699999988079071,0.6000000238418579,0.6000000238418579,53500,0,0
2020-02-12,0.6000000238418579,0.6899999976158142,0.6000000238418579,0.6200000047683716,43500,0,0
2020-02-13,0.6499999761581421,0.6499999761581421,0.6100000143051147,0.6200000047683716,7500,0,0
2020-02-14,0.6499999761581421,0.699999988079071,0.6000000238418579,0.6600000262260437,39000,0,0
2020-02-18,0.6899999976158142,0.699999988079071,0.6100000143051147,0.6200000047683716,35400,0,0
2020-02-19,0.6499999761581421,0.6899999976158142,0.6200000047683716,0.6399999856948853,226400,0,0
2020-02-20,0.6600000262260437,0.6600000262260437,0.6200000047683716,0.6600000262260437,65700,0,0
2020-02-21,0.6600000262260437,0.6600000262260437,0.6299999952316284,0.6399999856948853,25800,0,0
2020-02-24,0.6200000047683716,0.6200000047683716,0.550000011920929,0.5699999928474426,132500,0,0
2020-02-25,0.5899999737739563,0.6000000238418579,0.5299999713897705,0.5400000214576721,40700,0,0
2020-02-26,0.5400000214576721,0.5400000214576721,0.49000000953674316,0.49000000953674316,136200,0,0
2020-02-27,0.5199999809265137,0.550000011920929,0.44999998807907104,0.4699999988079071,76600,0,0
2020-02-28,0.49000000953674316,0.5400000214576721,0.44999998807907104,0.47999998927116394,58300,0,0
2020-03-02,0.5,0.5199999809265137,0.5,0.5099999904632568,15100,0,0
2020-03-03,0.5299999713897705,0.5799999833106995,0.5,0.5799999833106995,18600,0,0
2020-03-04,0.6000000238418579,0.6000000238418579,0.5099999904632568,0.5099999904632568,41600,0,0
2020-03-05,0.5400000214576721,0.6000000238418579,0.5099999904632568,0.5199999809265137,31800,0,0
2020-03-06,0.5199999809265137,0.5799999833106995,0.47999998927116394,0.47999998927116394,64000,0,0
2020-03-09,0.44999998807907104,0.5099999904632568,0.44999998807907104,0.4699999988079071,50000,0,0
2020-03-10,0.44999998807907104,0.46000000834465027,0.44999998807907104,0.44999998807907104,41500,0,0
2020-03-11,0.4699999988079071,0.4699999988079071,0.4300000071525574,0.4300000071525574,19100,0,0
2020-03-12,0.4000000059604645,0.4099999964237213,0.4000000059604645,0.4000000059604645,52700,0,0
2020-03-13,0.4000000059604645,0.4000000059604645,0.3799999952316284,0.38999998569488525,59200,0,0
2020-03-16,0.4099999964237213,0.44999998807907104,0.4099999964237213,0.4099999964237213,22900,0,0
2020-03-17,0.4300000071525574,0.4300000071525574,0.3799999952316284,0.4099999964237213,17800,0,0
2020-03-18,0.4300000071525574,0.4300000071525574,0.3799999952316284,0.38999998569488525,12800,0,0
2020-03-19,0.38999998569488525,0.4000000059604645,0.3799999952316284,0.38999998569488525,10700,0,0
2020-03-20,0.4099999964237213,0.4300000071525574,0.4000000059604645,0.4000000059604645,14800,0,0
2020-03-23,0.38999998569488525,0.4300000071525574,0.3700000047683716,0.3799999952316284,20400,0,0
2020-03-24,0.36000001430511475,0.38999998569488525,0.36000001430511475,0.3799999952316284,24600,0,0
2020-03-25,0.4099999964237213,0.4099999964237213,0.3700000047683716,0.38999998569488525,44600,0,0
2020-03-26,0.41999998688697815,0.46000000834465027,0.3799999952316284,0.41999998688697815,42600,0,0
2020-03-27,0.4099999964237213,0.4300000071525574,0.3700000047683716,0.4000000059604645,18600,0,0
2020-03-30,0.41999998688697815,0.44999998807907104,0.4000000059604645,0.41999998688697815,21000,0,0
2020-03-31,0.4000000059604645,0.4699999988079071,0.4000000059604645,0.4099999964237213,29600,0,0
2020-04-01,0.4399999976158142,0.4399999976158142,0.3799999952316284,0.4000000059604645,43300,0,0
2020-04-02,0.4399999976158142,0.4399999976158142,0.4000000059604645,0.4000000059604645,5200,0,0
2020-04-03,0.41999998688697815,0.4399999976158142,0.4000000059604645,0.4000000059604645,13300,0,0
2020-04-06,0.41999998688697815,0.4300000071525574,0.4000000059604645,0.4000000059604645,24200,0,0
2020-04-07,0.4099999964237213,0.4099999964237213,0.38999998569488525,0.4099999964237213,20900,0,0
2020-04-08,0.41999998688697815,0.4399999976158142,0.38999998569488525,0.4099999964237213,23200,0,0
2020-04-09,0.4099999964237213,0.4099999964237213,0.38999998569488525,0.4000000059604645,26100,0,0
2020-04-13,0.4300000071525574,0.4300000071525574,0.38999998569488525,0.4099999964237213,9500,0,0
2020-04-14,0.38999998569488525,0.41999998688697815,0.38999998569488525,0.41999998688697815,14400,0,0
2020-04-15,0.4300000071525574,0.4300000071525574,0.4000000059604645,0.4000000059604645,25900,0,0
2020-04-16,0.4000000059604645,0.41999998688697815,0.4000000059604645,0.4000000059604645,17900,0,0
2020-04-17,0.4099999964237213,0.44999998807907104,0.4099999964237213,0.4099999964237213,71700,0,0
2020-04-20,0.4300000071525574,0.4300000071525574,0.41999998688697815,0.4300000071525574,17300,0,0
2020-04-21,0.4099999964237213,0.4300000071525574,0.4000000059604645,0.4300000071525574,15600,0,0
2020-04-22,0.4000000059604645,0.4399999976158142,0.4000000059604645,0.4300000071525574,21300,0,0
2020-04-23,0.41999998688697815,0.44999998807907104,0.4099999964237213,0.44999998807907104,14600,0,0
2020-04-24,0.41999998688697815,0.5099999904632568,0.41999998688697815,0.47999998927116394,76400,0,0
2020-04-27,0.5400000214576721,0.5400000214576721,0.49000000953674316,0.5099999904632568,68500,0,0
2020-04-28,0.5299999713897705,0.5299999713897705,0.47999998927116394,0.5,33700,0,0
2020-04-29,0.5099999904632568,0.5099999904632568,0.47999998927116394,0.47999998927116394,32800,0,0
2020-04-30,0.47999998927116394,0.5,0.4300000071525574,0.47999998927116394,19000,0,0
2020-05-01,0.4399999976158142,0.5,0.4099999964237213,0.4699999988079071,18400,0,0
2020-05-04,0.4699999988079071,0.49000000953674316,0.4099999964237213,0.4699999988079071,12800,0,0
2020-05-05,0.49000000953674316,0.5,0.4399999976158142,0.44999998807907104,56300,0,0
2020-05-06,0.4699999988079071,0.5,0.44999998807907104,0.4699999988079071,14700,0,0
2020-05-07,0.4399999976158142,0.49000000953674316,0.4399999976158142,0.46000000834465027,10400,0,0
2020-05-08,0.4699999988079071,0.49000000953674316,0.44999998807907104,0.47999998927116394,31000,0,0
2020-05-11,0.44999998807907104,0.5299999713897705,0.44999998807907104,0.47999998927116394,70500,0,0
2020-05-12,0.5199999809265137,0.5299999713897705,0.47999998927116394,0.5099999904632568,83300,0,0
2020-05-13,0.5099999904632568,0.5099999904632568,0.4699999988079071,0.5,32700,0,0
2020-05-14,0.5199999809265137,0.5199999809265137,0.46000000834465027,0.49000000953674316,30500,0,0
2020-05-15,0.49000000953674316,0.5099999904632568,0.46000000834465027,0.49000000953674316,39800,0,0
2020-05-18,0.5099999904632568,0.5199999809265137,0.47999998927116394,0.5199999809265137,13300,0,0
2020-05-19,0.5299999713897705,0.5299999713897705,0.47999998927116394,0.47999998927116394,50900,0,0
2020-05-20,0.5,0.5199999809265137,0.47999998927116394,0.47999998927116394,13300,0,0
2020-05-21,0.49000000953674316,0.5199999809265137,0.49000000953674316,0.5099999904632568,14600,0,0
2020-05-22,0.5199999809265137,0.5199999809265137,0.5,0.5,13600,0,0
2020-05-26,0.5,0.5,0.4699999988079071,0.47999998927116394,45100,0,0
2020-05-27,0.49000000953674316,0.5099999904632568,0.4699999988079071,0.47999998927116394,29200,0,0
2020-05-28,0.47999998927116394,0.49000000953674316,0.44999998807907104,0.46000000834465027,39800,0,0
2020-05-29,0.44999998807907104,0.49000000953674316,0.44999998807907104,0.47999998927116394,25600,0,0
2020-06-01,0.4699999988079071,0.47999998927116394,0.46000000834465027,0.46000000834465027,19200,0,0
2020-06-02,0.4699999988079071,0.49000000953674316,0.46000000834465027,0.4699999988079071,74700,0,0
2020-06-03,0.46000000834465027,0.550000011920929,0.46000000834465027,0.5,249700,0,0
2020-06-04,0.5199999809265137,0.550000011920929,0.47999998927116394,0.5199999809265137,94400,0,0
2020-06-05,0.49000000953674316,0.5899999737739563,0.49000000953674316,0.550000011920929,550200,0,0
2020-06-08,0.7699999809265137,0.8199999928474426,0.699999988079071,0.8199999928474426,1621200,0,0
2020-06-09,0.800000011920929,0.8100000023841858,0.699999988079071,0.7200000286102295,389000,0,0
2020-06-10,0.7400000095367432,0.800000011920929,0.6499999761581421,0.7200000286102295,764700,0,0
2020-06-11,0.6600000262260437,0.7099999785423279,0.6000000238418579,0.6100000143051147,216500,0,0
2020-06-12,0.6600000262260437,0.699999988079071,0.6399999856948853,0.6600000262260437,111800,0,0
2020-06-15,0.6600000262260437,0.6899999976158142,0.5600000023841858,0.6399999856948853,223200,0,0
2020-06-16,0.6299999952316284,0.6800000071525574,0.5799999833106995,0.6600000262260437,159000,0,0
2020-06-17,0.6800000071525574,0.6800000071525574,0.6000000238418579,0.6600000262260437,129500,0,0
2020-06-18,0.6499999761581421,0.7799999713897705,0.6299999952316284,0.7200000286102295,830800,0,0
2020-06-19,0.7400000095367432,0.7400000095367432,0.6499999761581421,0.6800000071525574,335800,0,0
2020-06-22,0.6600000262260437,0.699999988079071,0.6299999952316284,0.6899999976158142,187000,0,0
2020-06-23,0.6800000071525574,0.7099999785423279,0.6600000262260437,0.7099999785423279,90700,0,0
2020-06-24,0.699999988079071,0.699999988079071,0.6700000166893005,0.6899999976158142,118800,0,0
2020-06-25,0.6800000071525574,0.7900000214576721,0.6800000071525574,0.7300000190734863,368500,0,0
2020-06-26,0.7300000190734863,0.7599999904632568,0.7099999785423279,0.7300000190734863,206700,0,0
2020-06-29,0.8100000023841858,0.9399999976158142,0.7300000190734863,0.7900000214576721,3933200,0,0
2020-06-30,0.8700000047683716,0.8700000047683716,0.75,0.7599999904632568,1312000,0,0
2020-07-01,0.800000011920929,0.9200000166893005,0.7300000190734863,0.7799999713897705,1534900,0,0
2020-07-02,0.7599999904632568,0.8500000238418579,0.7400000095367432,0.800000011920929,829800,0,0
2020-07-06,0.8500000238418579,1.6799999475479126,0.8299999833106995,1.3300000429153442,11715300,0,0
2020-07-07,1.0199999809265137,1.1699999570846558,0.949999988079071,1.1100000143051147,3548900,0,0
2020-07-08,1.100000023841858,1.3700000047683716,1.0700000524520874,1.2300000190734863,3694600,0,0
2020-07-09,1.2699999809265137,1.4800000190734863,1.1299999952316284,1.1699999570846558,2268700,0,0
2020-07-10,1.100000023841858,1.1699999570846558,1.0700000524520874,1.1399999856948853,914200,0,0
2020-07-13,1.1299999952316284,1.25,1.1100000143051147,1.1299999952316284,1223400,0,0
2020-07-14,1.0800000429153442,1.149999976158142,1.0,1.0299999713897705,477600,0,0
2020-07-15,1.0199999809265137,1.0299999713897705,0.8899999856948853,0.9399999976158142,785300,0,0
2020-07-16,0.9200000166893005,0.9399999976158142,0.8999999761581421,0.9200000166893005,359500,0,0
2020-07-17,0.9200000166893005,0.9399999976158142,0.8999999761581421,0.9100000262260437,387100,0,0
2020-07-20,0.9100000262260437,1.0299999713897705,0.8999999761581421,0.9599999785423279,1119600,0,0
2020-07-21,0.9800000190734863,0.9800000190734863,0.8500000238418579,0.8600000143051147,408300,0,0
2020-07-22,0.8700000047683716,0.9399999976158142,0.7900000214576721,0.8500000238418579,1630300,0,0
2020-07-23,0.8500000238418579,0.8700000047683716,0.800000011920929,0.8600000143051147,303600,0,0
2020-07-24,0.8500000238418579,0.8500000238418579,0.800000011920929,0.8299999833106995,245700,0,0
2020-07-27,0.8199999928474426,0.8299999833106995,0.7300000190734863,0.7900000214576721,609600,0,0
2020-07-28,0.7799999713897705,0.8199999928474426,0.7799999713897705,0.7900000214576721,417200,0,0
2020-07-29,0.7699999809265137,0.8999999761581421,0.7699999809265137,0.8600000143051147,2693700,0,0
2020-07-30,1.0199999809265137,1.309999942779541,0.9100000262260437,1.0099999904632568,11597500,0,0
2020-07-31,1.0199999809265137,1.0299999713897705,0.8700000047683716,0.8700000047683716,1221900,0,0
2020-08-03,0.8999999761581421,0.8999999761581421,0.8600000143051147,0.8899999856948853,528400,0,0
2020-08-04,0.8799999952316284,0.9200000166893005,0.8700000047683716,0.8999999761581421,334700,0,0
2020-08-05,0.8700000047683716,0.8999999761581421,0.8600000143051147,0.8600000143051147,247700,0,0
2020-08-06,0.8799999952316284,0.8799999952316284,0.8100000023841858,0.8399999737739563,311400,0,0
2020-08-07,0.8399999737739563,0.8700000047683716,0.8399999737739563,0.8600000143051147,139600,0,0
2020-08-10,0.8500000238418579,0.8799999952316284,0.8199999928474426,0.8600000143051147,196500,0,0
2020-08-11,0.8600000143051147,0.8999999761581421,0.8199999928474426,0.8299999833106995,211800,0,0
2020-08-12,0.8399999737739563,0.8500000238418579,0.7699999809265137,0.8199999928474426,484500,0,0
2020-08-13,0.7799999713897705,0.8500000238418579,0.7799999713897705,0.8399999737739563,184800,0,0
2020-08-14,0.8100000023841858,0.8399999737739563,0.800000011920929,0.8299999833106995,154000,0,0
2020-08-17,0.8500000238418579,0.8500000238418579,0.800000011920929,0.8299999833106995,186900,0,0
2020-08-18,0.8199999928474426,0.8199999928474426,0.6700000166893005,0.6800000071525574,843500,0,0
2020-08-19,0.7699999809265137,0.7799999713897705,0.6899999976158142,0.7099999785423279,278900,0,0
2020-08-20,0.699999988079071,0.7400000095367432,0.6800000071525574,0.699999988079071,219900,0,0
2020-08-21,0.7099999785423279,0.7400000095367432,0.6800000071525574,0.6899999976158142,223100,0,0
2020-08-24,0.6700000166893005,0.7099999785423279,0.6000000238418579,0.6299999952316284,451700,0,0
2020-08-25,0.6299999952316284,0.6800000071525574,0.6299999952316284,0.6700000166893005,249900,0,0
2020-08-26,0.7099999785423279,0.7200000286102295,0.6499999761581421,0.6600000262260437,300600,0,0
2020-08-27,0.6600000262260437,0.699999988079071,0.6100000143051147,0.6299999952316284,385600,0,0
2020-08-28,0.6100000143051147,0.6600000262260437,0.6100000143051147,0.6600000262260437,124000,0,0
2020-08-31,0.6700000166893005,0.6800000071525574,0.6399999856948853,0.6600000262260437,229500,0,0
2020-09-01,0.6499999761581421,0.7699999809265137,0.6299999952316284,0.75,1567500,0,0
2020-09-02,0.800000011920929,0.8100000023841858,0.699999988079071,0.7400000095367432,722000,0,0
2020-09-03,0.7099999785423279,0.7300000190734863,0.6499999761581421,0.6600000262260437,646600,0,0
2020-09-04,0.699999988079071,0.7400000095367432,0.6100000143051147,0.7200000286102295,1339900,0,0
2020-09-08,0.7200000286102295,0.8199999928474426,0.6800000071525574,0.7200000286102295,1757600,0,0
2020-09-09,0.7400000095367432,0.7400000095367432,0.7099999785423279,0.7200000286102295,287200,0,0
2020-09-10,0.699999988079071,0.7200000286102295,0.6700000166893005,0.6899999976158142,269900,0,0
2020-09-11,0.6800000071525574,0.75,0.6700000166893005,0.7099999785423279,715400,0,0
2020-09-14,0.7400000095367432,0.9399999976158142,0.7099999785423279,0.8999999761581421,6567900,0,0
2020-09-15,0.8799999952316284,1.2200000286102295,0.8199999928474426,0.9900000095367432,9974500,0,0
2020-09-16,0.9100000262260437,1.0,0.8899999856948853,0.9200000166893005,1523800,0,0
2020-09-17,0.8799999952316284,0.9100000262260437,0.8199999928474426,0.8899999856948853,671400,0,0
2020-09-18,0.9200000166893005,0.9599999785423279,0.8700000047683716,0.9300000071525574,1236100,0,0
2020-09-21,0.9800000190734863,1.0299999713897705,0.8600000143051147,0.9599999785423279,1935800,0,0
2020-09-22,0.949999988079071,0.949999988079071,0.8700000047683716,0.9200000166893005,997600,0,0
2020-09-23,0.8199999928474426,1.4900000095367432,0.75,0.8799999952316284,12504600,0,0
2020-09-24,1.1200000047683716,1.9500000476837158,0.9800000190734863,1.350000023841858,89551200,0,0
2020-09-25,3.5,3.75,1.940000057220459,2.450000047683716,198509000,0,0
2020-09-28,2.7899999618530273,2.799999952316284,2.0799999237060547,2.630000114440918,43037900,0,0
2020-09-29,2.3299999237060547,2.5299999713897705,2.240000009536743,2.359999895095825,6027300,0,0
2020-09-30,2.2699999809265137,2.430000066757202,2.0,2.0199999809265137,4764200,0,0
2020-10-01,2.1500000953674316,2.7200000286102295,2.0299999713897705,2.5399999618530273,13100300,0,0
2020-10-02,2.2200000286102295,3.450000047683716,2.200000047683716,3.130000114440918,17401100,0,0
2020-10-05,3.0999999046325684,4.78000020980835,2.950000047683716,4.150000095367432,40064000,0,0
2020-10-06,4.789999961853027,4.980000019073486,3.6500000953674316,3.859999895095825,41699200,0,0
2020-10-07,3.9600000381469727,4.25,3.809999942779541,4.019999980926514,9494700,0,0
2020-10-08,3.990000009536743,4.0,3.5199999809265137,3.7100000381469727,5417200,0,0
2020-10-09,3.680000066757202,3.799999952316284,3.200000047683716,3.259999990463257,7032100,0,0
2020-10-12,3.259999990463257,3.2899999618530273,2.950000047683716,2.950000047683716,2873300,0,0
2020-10-13,2.859999895095825,3.299999952316284,2.7699999809265137,3.259999990463257,4219300,0,0
2020-10-14,3.180000066757202,3.450000047683716,3.069999933242798,3.309999942779541,3040400,0,0
2020-10-15,3.140000104904175,3.940000057220459,3.130000114440918,3.7100000381469727,5166800,0,0
2020-10-16,3.75,3.9000000953674316,3.25,3.2699999809265137,5208200,0,0
2020-10-19,3.2899999618530273,3.369999885559082,3.0399999618530273,3.0399999618530273,2976400,0,0
2020-10-20,3.0,3.0199999809265137,2.799999952316284,2.869999885559082,2349300,0,0
2020-10-21,2.8499999046325684,3.369999885559082,2.809999942779541,2.9800000190734863,4285200,0,0
2020-10-22,3.0299999713897705,3.190000057220459,3.0,3.119999885559082,1314400,0,0
2020-10-23,3.059999942779541,3.0799999237060547,2.9000000953674316,3.0,1130700,0,0
2020-10-26,2.940000057220459,3.059999942779541,2.9000000953674316,2.990000009536743,1037000,0,0
2020-10-27,3.0199999809265137,3.049999952316284,2.859999895095825,2.880000114440918,702000,0,0
2020-10-28,2.819999933242798,2.8299999237060547,2.5799999237060547,2.609999895095825,1160700,0,0
2020-10-29,2.5999999046325684,2.8499999046325684,2.5799999237060547,2.7200000286102295,1367800,0,0
2020-10-30,2.609999895095825,2.6700000762939453,2.4000000953674316,2.440000057220459,851900,0,0
2020-11-02,2.5,2.700000047683716,2.4000000953674316,2.4600000381469727,1280300,0,0
2020-11-03,2.490000009536743,2.630000114440918,2.4700000286102295,2.5999999046325684,1239700,0,0
2020-11-04,2.7300000190734863,3.0,2.559999942779541,2.880000114440918,1723200,0,0
2020-11-05,3.049999952316284,3.3499999046325684,3.0199999809265137,3.2899999618530273,2694900,0,0
2020-11-06,3.4000000953674316,3.5,3.0999999046325684,3.130000114440918,1559500,0,0
2020-11-09,3.299999952316284,3.799999952316284,3.299999952316284,3.5899999141693115,3070900,0,0
2020-11-10,3.700000047683716,3.859999895095825,3.5999999046325684,3.759999990463257,2620000,0,0
2020-11-11,3.7300000190734863,3.7300000190734863,3.3299999237060547,3.4800000190734863,1456600,0,0
2020-11-12,3.5199999809265137,4.090000152587891,3.5,3.9700000286102295,3295300,0,0
2020-11-13,5.28000020980835,7.019999980926514,5.170000076293945,6.150000095367432,92735100,0,0
2020-11-16,7.900000095367432,11.399999618530273,7.150000095367432,11.300000190734863,107542900,0,0
2020-11-17,8.770000457763672,10.489999771118164,8.5,9.729999542236328,27805200,0,0
2020-11-18,9.100000381469727,9.229999542236328,6.010000228881836,6.460000038146973,24867400,0,0
2020-11-19,7.0,8.399999618530273,6.949999809265137,7.590000152587891,24065900,0,0
2020-11-20,8.079999923706055,8.930000305175781,7.800000190734863,7.989999771118164,14568600,0,0
2020-11-23,8.25,8.489999771118164,7.510000228881836,7.900000095367432,9940900,0,0
2020-11-24,7.949999809265137,7.980000019073486,6.809999942779541,7.119999885559082,6807800,0,0
2020-11-25,6.829999923706055,7.369999885559082,6.829999923706055,7.170000076293945,3365900,0,0
2020-11-27,8.670000076293945,8.8100004196167,7.909999847412109,8.1899995803833,15860500,0,0
2020-11-30,8.539999961853027,8.640000343322754,7.5,8.069999694824219,5664300,0,0
2020-12-01,7.929999828338623,8.050000190734863,6.900000095367432,6.920000076293945,3796700,0,0
2020-12-02,7.199999809265137,7.5,6.050000190734863,6.909999847412109,6446200,0,0
2020-12-03,6.96999979019165,7.119999885559082,6.460000038146973,6.510000228881836,2392900,0,0
2020-12-04,6.550000190734863,6.559999942779541,5.840000152587891,5.96999979019165,4898400,0,0
2020-12-07,6.400000095367432,7.349999904632568,6.130000114440918,6.460000038146973,9514200,0,0
2020-12-08,5.190000057220459,5.820000171661377,5.170000076293945,5.760000228881836,17877900,0,0
2020-12-09,5.980000019073486,6.010000228881836,5.130000114440918,5.409999847412109,7774200,0,0
2020-12-10,5.25,5.599999904632568,5.239999771118164,5.360000133514404,3692000,0,0
2020-12-11,5.289999961853027,5.300000190734863,5.0,5.119999885559082,3368500,0,0
2020-12-14,5.21999979019165,5.230000019073486,4.710000038146973,4.929999828338623,4317400,0,0
2020-12-15,4.96999979019165,5.079999923706055,4.800000190734863,5.079999923706055,3511700,0,0
2020-12-16,5.090000152587891,5.190000057220459,4.900000095367432,4.929999828338623,1996600,0,0
2020-12-17,4.929999828338623,4.96999979019165,4.650000095367432,4.690000057220459,3671500,0,0
2020-12-18,4.730000019073486,5.210000038146973,4.289999961853027,4.949999809265137,13320000,0,0
2020-12-21,4.679999828338623,5.570000171661377,4.619999885559082,5.440000057220459,13577100,0,0
2020-12-22,5.820000171661377,6.679999828338623,5.539999961853027,6.460000038146973,21399000,0,0
2020-12-23,7.03000020980835,7.480000019073486,6.5,6.590000152587891,13983200,0,0
2020-12-24,6.690000057220459,6.829999923706055,6.019999980926514,6.260000228881836,5643000,0,0
2020-12-28,6.309999942779541,6.480000019073486,5.730000019073486,5.769999980926514,5306300,0,0
2020-12-29,5.840000152587891,5.849999904632568,5.010000228881836,5.389999866485596,4471200,0,0
2020-12-30,5.329999923706055,5.690000057220459,5.309999942779541,5.5,2373200,0,0
2020-12-31,5.5,5.510000228881836,5.019999980926514,5.059999942779541,3553300,0,0
2021-01-04,5.25,5.320000171661377,4.900000095367432,5.179999828338623,2902700,0,0
2021-01-05,5.050000190734863,5.380000114440918,4.949999809265137,5.190000057220459,2719000,0,0
2021-01-06,5.25,7.28000020980835,5.239999771118164,6.400000095367432,49621200,0,0
2021-01-07,8.770000457763672,8.800000190734863,7.309999942779541,7.71999979019165,39277200,0,0
2021-01-08,8.100000381469727,8.199999809265137,7.099999904632568,7.599999904632568,9645100,0,0
2021-01-11,7.090000152587891,7.210000038146973,6.599999904632568,6.949999809265137,6801500,0,0
2021-01-12,7.119999885559082,7.300000190734863,6.800000190734863,7.300000190734863,5834100,0,0
2021-01-13,7.300000190734863,7.449999809265137,6.78000020980835,6.840000152587891,4281300,0,0
2021-01-14,7.099999904632568,7.139999866485596,6.599999904632568,6.710000038146973,5787900,0,0
2021-01-15,6.730000019073486,7.119999885559082,6.199999809265137,6.599999904632568,7009100,0,0
2021-01-19,6.630000114440918,7.179999828338623,6.25,7.139999866485596,9111200,0,0
2021-01-20,7.190000057220459,7.630000114440918,6.400000095367432,6.800000190734863,8436600,0,0
2021-01-21,6.739999771118164,7.349999904632568,6.5,7.170000076293945,10163500,0,0
2021-01-22,7.03000020980835,8.09000015258789,6.949999809265137,8.029999732971191,24577300,0,0
2021-01-25,9.399999618530273,9.569999694824219,7.5,8.4399995803833,32048700,0,0
2021-01-26,8.479999542236328,8.529999732971191,7.800000190734863,8.09000015258789,11773300,0,0
2021-01-27,7.559999942779541,7.980000019073486,7.110000133514404,7.340000152587891,7674200,0,0
2021-01-28,7.300000190734863,7.650000095367432,6.960000038146973,7.449999809265137,5734500,0,0
2021-01-29,7.25,7.480000019073486,6.650000095367432,7.360000133514404,6258600,0,0
2021-02-01,7.440000057220459,7.489999771118164,6.900000095367432,7.170000076293945,3488500,0,0
2021-02-02,7.300000190734863,7.760000228881836,7.130000114440918,7.46999979019165,5944700,0,0
2021-02-03,7.840000152587891,8.0,7.400000095367432,7.46999979019165,7191000,0,0
2021-02-04,7.550000190734863,8.3100004196167,7.159999847412109,8.119999885559082,14311100,0,0
2021-02-05,8.619999885559082,8.729999542236328,7.78000020980835,8.119999885559082,9392700,0,0
2021-02-08,7.78000020980835,7.869999885559082,7.25,7.28000020980835,19540200,0,0
2021-02-09,7.369999885559082,7.699999809265137,7.260000228881836,7.590000152587891,9198200,0,0
2021-02-10,7.670000076293945,7.71999979019165,7.010000228881836,7.360000133514404,10910300,0,0
2021-02-11,7.46999979019165,7.570000171661377,7.039999961853027,7.300000190734863,6785600,0,0
2021-02-12,7.269999980926514,7.550000190734863,7.150000095367432,7.440000057220459,5607500,0,0
2021-02-16,7.630000114440918,8.279999732971191,7.320000171661377,8.279999732971191,19558200,0,0
2021-02-17,8.75,9.199999809265137,8.050000190734863,8.289999961853027,31372600,0,0
2021-02-18,7.800000190734863,8.800000190734863,7.489999771118164,7.889999866485596,19976100,0,0
2021-02-19,8.649999618530273,9.59000015258789,8.229999542236328,8.279999732971191,42449600,0,0
2021-02-22,8.050000190734863,8.25,6.659999847412109,7.119999885559082,17817700,0,0
2021-02-23,6.090000152587891,6.489999771118164,5.199999809265137,6.269999980926514,11944400,0,0
2021-02-24,6.329999923706055,6.71999979019165,6.25,6.590000152587891,4661300,0,0
2021-02-25,6.400000095367432,6.550000190734863,5.75,5.929999828338623,5851700,0,0
2021-02-26,5.960000038146973,6.119999885559082,5.53000020980835,5.920000076293945,3269900,0,0
2021-03-01,6.139999866485596,6.239999771118164,5.880000114440918,6.199999809265137,3124200,0,0
2021-03-02,6.170000076293945,6.320000171661377,5.71999979019165,5.760000228881836,3489400,0,0
2021-03-03,5.880000114440918,5.900000095367432,5.199999809265137,5.199999809265137,5869300,0,0
2021-03-04,5.010000228881836,5.199999809265137,4.349999904632568,4.809999942779541,6956800,0,0
2021-03-05,4.900000095367432,4.900000095367432,4.0,4.630000114440918,4310800,0,0
2021-03-08,4.889999866485596,5.090000152587891,4.630000114440918,4.699999809265137,2932600,0,0
2021-03-09,4.909999847412109,5.400000095367432,4.860000133514404,5.320000171661377,4041600,0,0
2021-03-10,5.570000171661377,5.71999979019165,5.170000076293945,5.269999980926514,2604000,0,0
2021-03-11,5.46999979019165,5.550000190734863,5.239999771118164,5.489999771118164,2499100,0,0
2021-03-12,5.340000152587891,5.489999771118164,5.179999828338623,5.440000057220459,2346700,0,0
2021-03-15,6.050000190734863,6.289999961853027,5.71999979019165,5.96999979019165,7446800,0,0
2021-03-16,5.949999809265137,6.050000190734863,5.559999942779541,5.659999847412109,3372200,0,0
2021-03-17,5.420000076293945,6.059999942779541,5.349999904632568,5.909999847412109,2450100,0,0
2021-03-18,5.78000020980835,5.980000019073486,5.599999904632568,5.650000095367432,1784100,0,0
2021-03-19,5.659999847412109,6.070000171661377,5.539999961853027,5.960000038146973,3456000,0,0
2021-03-22,5.929999828338623,5.940000057220459,5.619999885559082,5.690000057220459,1689900,0,0
2021-03-23,5.639999866485596,5.659999847412109,5.349999904632568,5.429999828338623,1756900,0,0
2021-03-24,5.489999771118164,5.53000020980835,4.880000114440918,4.940000057220459,2516600,0,0
2021-03-25,4.739999771118164,5.150000095367432,4.550000190734863,5.099999904632568,1913900,0,0
2021-03-26,5.150000095367432,5.170000076293945,4.849999904632568,5.050000190734863,1235600,0,0
2021-03-29,4.980000019073486,5.039999961853027,4.659999847412109,4.71999979019165,1584100,0,0
2021-03-30,4.75,4.949999809265137,4.539999961853027,4.940000057220459,1524300,0,0
2021-03-31,4.96999979019165,5.170000076293945,4.869999885559082,5.099999904632568,1596000,0,0
2021-04-01,5.25,5.420000076293945,5.119999885559082,5.269999980926514,1594000,0,0
2021-04-05,5.400000095367432,5.400000095367432,4.940000057220459,5.0,1556500,0,0
2021-04-06,4.949999809265137,5.199999809265137,4.909999847412109,5.019999980926514,2138900,0,0
2021-04-07,5.800000190734863,5.800000190734863,5.039999961853027,5.150000095367432,15744800,0,0
2021-04-08,5.110000133514404,5.139999866485596,4.760000228881836,5.039999961853027,3605400,0,0
2021-04-09,4.929999828338623,4.989999771118164,4.710000038146973,4.789999961853027,2609900,0,0
2021-04-12,4.739999771118164,4.789999961853027,4.480000019073486,4.730000019073486,2469100,0,0
2021-04-13,4.610000133514404,4.650000095367432,4.25,4.630000114440918,2958700,0,0
2021-04-14,4.579999923706055,4.78000020980835,4.489999771118164,4.650000095367432,1680300,0,0
2021-04-15,4.619999885559082,4.699999809265137,4.260000228881836,4.360000133514404,2484000,0,0
2021-04-16,4.340000152587891,4.46999979019165,4.170000076293945,4.460000038146973,1403400,0,0
2021-04-19,4.449999809265137,4.449999809265137,4.119999885559082,4.239999771118164,1636000,0,0
2021-04-20,4.190000057220459,4.25,4.019999980926514,4.170000076293945,1836700,0,0
2021-04-21,4.110000133514404,4.559999942779541,4.079999923706055,4.539999961853027,1581900,0,0
2021-04-22,4.579999923706055,4.670000076293945,4.400000095367432,4.409999847412109,1468500,0,0
2021-04-23,4.480000019073486,4.75,4.420000076293945,4.679999828338623,1425000,0,0
2021-04-26,4.659999847412109,5.0,4.579999923706055,4.980000019073486,1666900,0,0
2021-04-27,4.960000038146973,5.0,4.730000019073486,4.789999961853027,1374200,0,0
2021-04-28,4.760000228881836,4.840000152587891,4.659999847412109,4.809999942779541,736800,0,0
2021-04-29,4.869999885559082,4.869999885559082,4.539999961853027,4.699999809265137,1043700,0,0
2021-04-30,4.659999847412109,4.730000019073486,4.590000152587891,4.630000114440918,678300,0,0
2021-05-03,4.690000057220459,4.699999809265137,4.400000095367432,4.400000095367432,1138400,0,0
2021-05-04,4.320000171661377,4.420000076293945,4.179999828338623,4.400000095367432,1187100,0,0
2021-05-05,4.409999847412109,4.429999828338623,4.170000076293945,4.179999828338623,1213300,0,0
2021-05-06,4.130000114440918,4.190000057220459,4.019999980926514,4.110000133514404,1274800,0,0
2021-05-07,4.110000133514404,4.230000019073486,4.059999942779541,4.130000114440918,1013400,0,0
2021-05-10,4.110000133514404,4.119999885559082,3.7100000381469727,3.7100000381469727,2025400,0,0
2021-05-11,3.3299999237060547,3.740000009536743,3.2699999809265137,3.680000066757202,1676600,0,0
2021-05-12,3.5299999713897705,3.630000114440918,3.450000047683716,3.490000009536743,1265700,0,0
2021-05-13,3.490000009536743,3.690000057220459,3.299999952316284,3.4100000858306885,1493200,0,0
2021-05-14,3.5199999809265137,3.6700000762939453,3.440000057220459,3.559999942779541,1336200,0,0
2021-05-17,3.559999942779541,3.7100000381469727,3.450000047683716,3.7100000381469727,1590000,0,0
2021-05-18,3.7300000190734863,3.819999933242798,3.5899999141693115,3.690000057220459,1433400,0,0
2021-05-19,3.619999885559082,3.7100000381469727,3.549999952316284,3.680000066757202,1024100,0,0
2021-05-20,3.700000047683716,3.8399999141693115,3.640000104904175,3.7899999618530273,1058900,0,0
2021-05-21,3.8499999046325684,3.9600000381469727,3.7699999809265137,3.8299999237060547,850100,0,0
2021-05-24,3.9200000762939453,3.9200000762939453,3.6600000858306885,3.759999990463257,714900,0,0
2021-05-25,3.75,3.9000000953674316,3.75,3.8499999046325684,904300,0,0
2021-05-26,3.8399999141693115,4.070000171661377,3.8399999141693115,4.039999961853027,1164500,0,0
2021-05-27,4.050000190734863,4.170000076293945,3.9100000858306885,4.150000095367432,1228600,0,0
2021-05-28,4.199999809265137,4.289999961853027,4.099999904632568,4.190000057220459,1006400,0,0
2021-06-01,4.190000057220459,4.489999771118164,4.190000057220459,4.409999847412109,1579500,0,0
2021-06-02,4.409999847412109,4.46999979019165,4.260000228881836,4.349999904632568,1743100,0,0
2021-06-03,4.190000057220459,4.510000228881836,4.179999828338623,4.440000057220459,1111300,0,0
2021-06-04,4.409999847412109,4.5,4.320000171661377,4.389999866485596,758600,0,0
2021-06-07,4.349999904632568,4.639999866485596,4.340000152587891,4.630000114440918,1170000,0,0
2021-06-08,4.710000038146973,5.010000228881836,4.550000190734863,5.0,2506600,0,0
2021-06-09,5.079999923706055,5.079999923706055,4.679999828338623,4.760000228881836,1915200,0,0
2021-06-10,4.820000171661377,4.889999866485596,4.559999942779541,4.679999828338623,1368400,0,0
2021-06-11,4.699999809265137,4.909999847412109,4.679999828338623,4.829999923706055,899700,0,0
2021-06-14,4.869999885559082,5.039999961853027,4.820000171661377,4.889999866485596,1162500,0,0
2021-06-15,4.96999979019165,4.989999771118164,4.659999847412109,4.840000152587891,919900,0,0
2021-06-16,4.769999980926514,5.019999980926514,4.710000038146973,4.949999809265137,1549400,0,0
2021-06-17,5.0,5.059999942779541,4.809999942779541,4.940000057220459,1014500,0,0
2021-06-18,4.860000133514404,5.059999942779541,4.860000133514404,4.940000057220459,3113200,0,0
2021-06-21,4.940000057220459,5.0,4.630000114440918,4.679999828338623,1245000,0,0
2021-06-22,4.650000095367432,4.880000114440918,4.599999904632568,4.809999942779541,1003200,0,0
2021-06-23,4.789999961853027,5.059999942779541,4.789999961853027,4.909999847412109,1644200,0,0
2021-06-24,4.96999979019165,5.0,4.800000190734863,4.809999942779541,948100,0,0
2021-06-25,4.809999942779541,4.889999866485596,4.679999828338623,4.75,824100,0,0
2021-06-28,4.829999923706055,5.099999904632568,4.789999961853027,4.900000095367432,2784800,0,0
2021-06-29,4.840000152587891,4.909999847412109,4.690000057220459,4.760000228881836,1534600,0,0
2021-06-30,4.769999980926514,4.769999980926514,4.619999885559082,4.710000038146973,927900,0,0
2021-07-01,4.710000038146973,4.710000038146973,4.360000133514404,4.460000038146973,1851700,0,0
2021-07-02,4.409999847412109,4.449999809265137,4.239999771118164,4.28000020980835,943800,0,0
2021-07-06,4.21999979019165,4.340000152587891,4.190000057220459,4.260000228881836,784700,0,0
2021-07-07,4.25,4.28000020980835,3.940000057220459,4.070000171661377,879900,0,0
2021-07-08,3.9200000762939453,4.179999828338623,3.9100000858306885,4.159999847412109,697400,0,0
2021-07-09,4.159999847412109,4.389999866485596,4.159999847412109,4.309999942779541,727300,0,0
2021-07-12,4.360000133514404,4.389999866485596,4.170000076293945,4.190000057220459,516700,0,0
2021-07-13,4.139999866485596,4.239999771118164,3.990000009536743,4.0,716900,0,0
2021-07-14,4.010000228881836,4.119999885559082,3.9600000381469727,4.050000190734863,545100,0,0
2021-07-15,4.0,4.079999923706055,3.869999885559082,3.940000057220459,543500,0,0
2021-07-16,3.950000047683716,4.0,3.8299999237060547,3.859999895095825,619600,0,0
2021-07-19,3.7799999713897705,3.9600000381469727,3.6500000953674316,3.940000057220459,923800,0,0
2021-07-20,3.930000066757202,4.010000228881836,3.809999942779541,3.990000009536743,385200,0,0
2021-07-21,4.019999980926514,4.170000076293945,3.990000009536743,4.139999866485596,574400,0,0
2021-07-22,4.159999847412109,4.159999847412109,3.9800000190734863,4.070000171661377,352000,0,0
2021-07-23,4.059999942779541,4.059999942779541,3.8499999046325684,3.880000114440918,540300,0,0
2021-07-26,3.7799999713897705,3.8399999141693115,3.609999895095825,3.680000066757202,1162100,0,0
2021-07-27,3.690000057220459,3.690000057220459,3.4000000953674316,3.450000047683716,1623800,0,0
2021-07-28,3.5399999618530273,3.5799999237060547,3.450000047683716,3.5399999618530273,1033300,0,0
2021-07-29,3.549999952316284,3.740000009536743,3.5199999809265137,3.549999952316284,1215600,0,0
2021-07-30,3.549999952316284,3.619999885559082,3.440000057220459,3.5299999713897705,1863400,0,0
2021-08-02,3.5799999237060547,3.7200000286102295,3.549999952316284,3.5899999141693115,756400,0,0
2021-08-03,3.559999942779541,3.609999895095825,3.4800000190734863,3.5899999141693115,567000,0,0
2021-08-04,3.5299999713897705,3.549999952316284,3.309999942779541,3.3499999046325684,1294700,0,0
2021-08-05,3.390000104904175,3.4800000190734863,3.3499999046325684,3.4200000762939453,659300,0,0
2021-08-06,3.4600000381469727,3.549999952316284,3.4000000953674316,3.5299999713897705,632100,0,0
2021-08-09,3.5199999809265137,3.690000057220459,3.490000009536743,3.619999885559082,749000,0,0
2021-08-10,3.680000066757202,3.759999990463257,3.5799999237060547,3.690000057220459,693900,0,0
2021-08-11,3.740000009536743,3.740000009536743,3.490000009536743,3.490000009536743,1264900,0,0
2021-08-12,3.5,3.5,3.4100000858306885,3.440000057220459,443200,0,0
2021-08-13,3.4100000858306885,3.4100000858306885,3.200000047683716,3.200000047683716,959400,0,0
2021-08-16,3.2300000190734863,3.2699999809265137,3.0899999141693115,3.130000114440918,912300,0,0
2021-08-17,3.0799999237060547,3.25,3.059999942779541,3.0999999046325684,803700,0,0
2021-08-18,3.1500000953674316,3.2200000286102295,3.0799999237060547,3.109999895095825,531900,0,0
2021-08-19,3.049999952316284,3.0799999237060547,2.930000066757202,2.930000066757202,919300,0,0
2021-08-20,2.9600000381469727,3.059999942779541,2.930000066757202,3.0,629600,0,0
2021-08-23,3.0899999141693115,3.1500000953674316,3.0,3.0299999713897705,698100,0,0
2021-08-24,3.119999885559082,3.369999885559082,3.0999999046325684,3.25,1129400,0,0
2021-08-25,3.2100000381469727,3.4000000953674316,3.190000057220459,3.2799999713897705,659800,0,0
2021-08-26,3.299999952316284,3.3299999237060547,3.130000114440918,3.190000057220459,470100,0,0
2021-08-27,3.2100000381469727,3.299999952316284,3.2100000381469727,3.2699999809265137,351400,0,0
2021-08-30,3.299999952316284,3.309999942779541,3.1600000858306885,3.200000047683716,515100,0,0
2021-08-31,3.1600000858306885,3.2699999809265137,3.140000104904175,3.190000057220459,535800,0,0
2021-09-01,3.180000066757202,3.299999952316284,3.0899999141693115,3.119999885559082,1627800,0,0
2021-09-02,3.0999999046325684,3.140000104904175,2.9800000190734863,3.049999952316284,1516800,0,0
2021-09-03,3.0999999046325684,3.1700000762939453,3.059999942779541,3.109999895095825,758100,0,0
2021-09-07,3.119999885559082,3.1700000762939453,2.9200000762939453,2.930000066757202,1805500,0,0
2021-09-08,2.930000066757202,2.950000047683716,2.819999933242798,2.8499999046325684,1459700,0,0
2021-09-09,2.819999933242798,3.0999999046325684,2.809999942779541,2.890000104904175,3225600,0,0
2021-09-10,2.9600000381469727,2.990000009536743,2.7799999713897705,2.7899999618530273,1427600,0,0
2021-09-13,2.7899999618530273,2.9200000762939453,2.7200000286102295,2.890000104904175,1324000,0,0
2021-09-14,2.9100000858306885,2.9100000858306885,2.6600000858306885,2.6700000762939453,1544600,0,0
2021-09-15,2.6700000762939453,2.7300000190734863,2.630000114440918,2.6700000762939453,871100,0,0
2021-09-16,2.6500000953674316,2.7200000286102295,2.5999999046325684,2.700000047683716,688800,0,0
2021-09-17,2.7100000381469727,2.7699999809265137,2.5999999046325684,2.7699999809265137,1833400,0,0
2021-09-20,2.630000114440918,2.6600000858306885,2.4800000190734863,2.5,1367100,0,0
2021-09-21,2.5,2.5899999141693115,2.4800000190734863,2.559999942779541,979500,0,0
2021-09-22,2.5999999046325684,2.630000114440918,2.549999952316284,2.559999942779541,783300,0,0
2021-09-23,2.630000114440918,2.630000114440918,2.5399999618530273,2.609999895095825,815700,0,0
2021-09-24,2.5999999046325684,2.609999895095825,2.5199999809265137,2.549999952316284,1173600,0,0
2021-09-27,2.549999952316284,2.630000114440918,2.5,2.5799999237060547,1068600,0,0
2021-09-28,2.5199999809265137,2.549999952316284,2.380000114440918,2.4100000858306885,1533900,0,0
2021-09-29,2.4100000858306885,2.4200000762939453,2.309999942779541,2.3299999237060547,1084800,0,0
2021-09-30,2.3399999141693115,2.4000000953674316,2.309999942779541,2.3299999237060547,854400,0,0
2021-10-01,2.240000009536743,2.359999895095825,2.2100000381469727,2.2899999618530273,1456800,0,0
2021-10-04,2.2899999618530273,2.299999952316284,2.200000047683716,2.2200000286102295,1247100,0,0
2021-10-05,2.2200000286102295,2.2699999809265137,2.1700000762939453,2.190000057220459,771300,0,0
2021-10-06,2.130000114440918,2.180000066757202,2.119999885559082,2.130000114440918,737300,0,0
2021-10-07,2.140000104904175,2.2699999809265137,2.130000114440918,2.190000057220459,886200,0,0
2021-10-08,2.2300000190734863,2.2899999618530273,2.1700000762939453,2.2200000286102295,878000,0,0
2021-10-11,2.200000047683716,2.3499999046325684,2.200000047683716,2.2200000286102295,1077600,0,0
2021-10-12,2.2300000190734863,2.369999885559082,2.2300000190734863,2.369999885559082,999300,0,0
2021-10-13,2.380000114440918,2.4000000953674316,2.25,2.299999952316284,851000,0,0
2021-10-14,2.3299999237060547,2.3499999046325684,2.2100000381469727,2.2799999713897705,966900,0,0
2021-10-15,2.2899999618530273,2.2899999618530273,2.200000047683716,2.2100000381469727,823300,0,0
2021-10-18,2.200000047683716,2.2100000381469727,2.119999885559082,2.1700000762939453,1259100,0,0
2021-10-19,2.200000047683716,2.2699999809265137,2.1700000762939453,2.240000009536743,1297700,0,0
2021-10-20,2.25,2.259999990463257,2.190000057220459,2.2300000190734863,1005300,0,0
2021-10-21,2.2200000286102295,2.2799999713897705,2.190000057220459,2.2200000286102295,863400,0,0
2021-10-22,2.2100000381469727,2.2100000381469727,2.0799999237060547,2.0799999237060547,1256700,0,0
2021-10-25,2.0999999046325684,2.180000066757202,2.049999952316284,2.119999885559082,1928400,0,0
2021-10-26,2.1500000953674316,2.1600000858306885,2.059999942779541,2.130000114440918,1351600,0,0
2021-10-27,2.109999895095825,2.1600000858306885,2.0399999618530273,2.069999933242798,1157100,0,0
2021-10-28,2.109999895095825,2.2799999713897705,2.059999942779541,2.2200000286102295,4237200,0,0
2021-10-29,2.180000066757202,2.2300000190734863,2.0799999237060547,2.109999895095825,2130200,0,0
2021-11-01,2.140000104904175,2.25,2.130000114440918,2.2300000190734863,1306800,0,0
2021-11-02,2.25,2.369999885559082,2.180000066757202,2.2699999809265137,2037300,0,0
2021-11-03,2.2699999809265137,2.2699999809265137,2.200000047683716,2.2200000286102295,895600,0,0
2021-11-04,2.25,2.2799999713897705,2.180000066757202,2.190000057220459,1157200,0,0
2021-11-05,2.2100000381469727,2.2200000286102295,2.119999885559082,2.1500000953674316,956800,0,0
2021-11-08,2.2300000190734863,3.569999933242798,2.2100000381469727,3.200000047683716,50422700,0,0
2021-11-09,2.9200000762939453,2.9700000286102295,2.369999885559082,2.4800000190734863,15185000,0,0
2021-11-10,2.4800000190734863,2.5399999618530273,2.309999942779541,2.3399999141693115,3526900,0,0
2021-11-11,2.430000066757202,2.5299999713897705,2.3299999237060547,2.380000114440918,5597500,0,0
2021-11-12,2.3399999141693115,2.359999895095825,2.2300000190734863,2.319999933242798,2650500,0,0
2021-11-15,2.3299999237060547,2.3299999237060547,2.0999999046325684,2.1600000858306885,4591600,0,0
2021-11-16,2.180000066757202,2.2100000381469727,2.0999999046325684,2.1600000858306885,2115500,0,0
2021-11-17,2.1700000762939453,2.2300000190734863,2.0899999141693115,2.109999895095825,1768100,0,0
2021-11-18,2.0999999046325684,2.119999885559082,2.0,2.0399999618530273,2278700,0,0
2021-11-19,2.059999942779541,2.240000009536743,2.049999952316284,2.130000114440918,2605600,0,0
2021-11-22,2.1500000953674316,2.1600000858306885,1.9500000476837158,2.0,2347800,0,0
2021-11-23,1.9900000095367432,2.0,1.7400000095367432,1.8700000047683716,2407500,0,0
2021-11-24,1.8899999856948853,2.109999895095825,1.840000033378601,2.059999942779541,2105500,0,0
2021-11-26,1.9500000476837158,2.0,1.8899999856948853,1.9600000381469727,1231600,0,0
2021-11-29,2.0399999618530273,2.0399999618530273,1.9299999475479126,2.009999990463257,1426200,0,0
2021-11-30,1.9800000190734863,2.0299999713897705,1.909999966621399,2.0199999809265137,1205200,0,0
2021-12-01,2.059999942779541,2.069999933242798,1.8200000524520874,1.8300000429153442,1929600,0,0
2021-12-02,1.840000033378601,1.9199999570846558,1.809999942779541,1.8799999952316284,1333800,0,0
2021-12-03,1.840000033378601,1.840000033378601,1.690000057220459,1.7400000095367432,1925700,0,0
2021-12-06,1.7400000095367432,1.7899999618530273,1.6699999570846558,1.7100000381469727,1473100,0,0
2021-12-07,1.7999999523162842,2.130000114440918,1.7699999809265137,1.9900000095367432,5405900,0,0
2021-12-08,1.9500000476837158,2.1600000858306885,1.899999976158142,2.109999895095825,2210500,0,0
2021-12-09,2.119999885559082,2.2799999713897705,2.0199999809265137,2.0199999809265137,2168700,0,0
2021-12-10,2.049999952316284,2.0899999141693115,2.0199999809265137,2.059999942779541,1117500,0,0
2021-12-13,2.0799999237060547,2.0999999046325684,1.9900000095367432,2.0299999713897705,1165900,0,0
2021-12-14,2.0,2.0299999713897705,1.9199999570846558,1.9199999570846558,1061400,0,0
2021-12-15,1.9500000476837158,1.9500000476837158,1.7799999713897705,1.899999976158142,1932400,0,0
2021-12-16,1.9600000381469727,1.9600000381469727,1.7699999809265137,1.8300000429153442,1307500,0,0
2021-12-17,1.7899999618530273,1.850000023841858,1.7400000095367432,1.7799999713897705,3375200,0,0
2021-12-20,1.7200000286102295,1.7599999904632568,1.6799999475479126,1.7300000190734863,1371700,0,0
2021-12-21,1.840000033378601,1.850000023841858,1.7400000095367432,1.7799999713897705,2274500,0,0
2021-12-22,1.75,1.7799999713897705,1.7000000476837158,1.7100000381469727,1129400,0,0
2021-12-23,1.7100000381469727,1.75,1.659999966621399,1.690000057220459,1228200,0,0
2021-12-27,1.690000057220459,1.690000057220459,1.6399999856948853,1.6699999570846558,1566600,0,0
2021-12-28,1.6699999570846558,1.7300000190734863,1.600000023841858,1.600000023841858,2009400,0,0
2021-12-29,1.590000033378601,1.590000033378601,1.4500000476837158,1.4600000381469727,2534500,0,0
2021-12-30,1.4600000381469727,1.659999966621399,1.440000057220459,1.6100000143051147,2487000,0,0
2021-12-31,1.6100000143051147,1.6299999952316284,1.5399999618530273,1.559999942779541,1165700,0,0
2022-01-03,1.5499999523162842,1.690000057220459,1.5499999523162842,1.590000033378601,1544800,0,0
2022-01-04,1.6200000047683716,1.6299999952316284,1.5299999713897705,1.559999942779541,830100,0,0
2022-01-05,1.559999942779541,1.6100000143051147,1.4600000381469727,1.4600000381469727,744500,0,0
2022-01-06,1.4600000381469727,1.4800000190734863,1.3600000143051147,1.3799999952316284,1536700,0,0
2022-01-07,1.3899999856948853,1.440000057220459,1.350000023841858,1.3899999856948853,1299300,0,0
2022-01-10,1.3600000143051147,1.3600000143051147,1.2799999713897705,1.309999942779541,1224500,0,0
2022-01-11,1.2699999809265137,1.4299999475479126,1.2699999809265137,1.3899999856948853,1182700,0,0
2022-01-12,1.5,1.5199999809265137,1.350000023841858,1.3600000143051147,1367500,0,0
2022-01-13,1.350000023841858,1.3899999856948853,1.2699999809265137,1.2799999713897705,706200,0,0
2022-01-14,1.2799999713897705,1.309999942779541,1.2599999904632568,1.2899999618530273,563500,0,0
2022-01-18,1.2799999713897705,1.2799999713897705,1.190000057220459,1.2100000381469727,671500,0,0
2022-01-19,1.25,1.2599999904632568,1.159999966621399,1.1699999570846558,810600,0,0
2022-01-20,1.1699999570846558,1.2999999523162842,1.149999976158142,1.1699999570846558,1115800,0,0
2022-01-21,1.159999966621399,1.1699999570846558,1.059999942779541,1.0700000524520874,1374500,0,0
2022-01-24,1.0299999713897705,1.1799999475479126,0.9900000095367432,1.149999976158142,1784000,0,0
2022-01-25,1.159999966621399,1.2100000381469727,1.1100000143051147,1.1699999570846558,711400,0,0
2022-01-26,1.25,1.2599999904632568,1.1200000047683716,1.149999976158142,1042000,0,0
2022-01-27,1.149999976158142,1.190000057220459,1.0800000429153442,1.090000033378601,703600,0,0
2022-01-28,1.0700000524520874,1.1399999856948853,1.0399999618530273,1.1299999952316284,629500,0,0
2022-01-31,1.1299999952316284,1.2400000095367432,1.1200000047683716,1.2000000476837158,737700,0,0
2022-02-01,1.2300000190734863,1.2999999523162842,1.2000000476837158,1.2300000190734863,1024500,0,0
2022-02-02,1.2400000095367432,1.25,1.1399999856948853,1.149999976158142,626600,0,0
2022-02-03,1.1200000047683716,1.159999966621399,1.1100000143051147,1.1100000143051147,619600,0,0
2022-02-04,1.1100000143051147,1.159999966621399,1.1100000143051147,1.159999966621399,345700,0,0
2022-02-07,1.1799999475479126,1.2200000286102295,1.149999976158142,1.149999976158142,490300,0,0
2022-02-08,1.149999976158142,1.2400000095367432,1.149999976158142,1.2100000381469727,693900,0,0
2022-02-09,1.2899999618530273,1.3799999952316284,1.2599999904632568,1.340000033378601,1293800,0,0
2022-02-10,1.2999999523162842,1.3799999952316284,1.2699999809265137,1.2999999523162842,1086800,0,0
2022-02-11,1.2999999523162842,1.3200000524520874,1.2100000381469727,1.2400000095367432,691900,0,0
2022-02-14,1.2300000190734863,1.2699999809265137,1.2000000476837158,1.2000000476837158,751700,0,0
2022-02-15,1.2100000381469727,1.340000033378601,1.2100000381469727,1.3200000524520874,522400,0,0
2022-02-16,1.2999999523162842,1.3799999952316284,1.2799999713897705,1.3600000143051147,589000,0,0
2022-02-17,1.309999942779541,1.350000023841858,1.2599999904632568,1.2699999809265137,465400,0,0
2022-02-18,1.2899999618530273,1.2899999618530273,1.2100000381469727,1.25,521800,0,0
2022-02-22,1.2100000381469727,1.25,1.149999976158142,1.149999976158142,717500,0,0
2022-02-23,1.149999976158142,1.190000057220459,1.1399999856948853,1.149999976158142,531000,0,0
2022-02-24,1.0399999618530273,1.2300000190734863,1.0199999809265137,1.2200000286102295,727000,0,0
2022-02-25,1.190000057220459,1.2799999713897705,1.190000057220459,1.2599999904632568,372300,0,0
2022-02-28,1.25,1.3300000429153442,1.25,1.2899999618530273,659800,0,0
2022-03-01,1.2999999523162842,1.2999999523162842,1.2200000286102295,1.2699999809265137,390000,0,0
2022-03-02,1.2699999809265137,1.309999942779541,1.2300000190734863,1.2999999523162842,396200,0,0
2022-03-03,1.2999999523162842,1.2999999523162842,1.2200000286102295,1.2300000190734863,258800,0,0
2022-03-04,1.2100000381469727,1.2400000095367432,1.149999976158142,1.149999976158142,354500,0,0
2022-03-07,1.149999976158142,1.309999942779541,1.1200000047683716,1.2400000095367432,1504600,0,0
2022-03-08,1.3200000524520874,1.649999976158142,1.2799999713897705,1.350000023841858,5318000,0,0
2022-03-09,1.3899999856948853,1.4500000476837158,1.2999999523162842,1.3899999856948853,2040600,0,0
2022-03-10,1.3700000047683716,1.4199999570846558,1.309999942779541,1.3600000143051147,795700,0,0
2022-03-11,1.3600000143051147,1.3799999952316284,1.1799999475479126,1.190000057220459,777600,0,0
2022-03-14,1.1799999475479126,1.1799999475479126,1.059999942779541,1.059999942779541,951400,0,0
2022-03-15,1.0700000524520874,1.0800000429153442,1.0199999809265137,1.0700000524520874,524000,0,0
2022-03-16,1.1699999570846558,1.25,1.1299999952316284,1.2400000095367432,1274100,0,0
2022-03-17,1.2300000190734863,1.2999999523162842,1.1699999570846558,1.2200000286102295,1786200,0,0
2022-03-18,1.2300000190734863,1.309999942779541,1.1699999570846558,1.1699999570846558,2823400,0,0
2022-03-21,1.2699999809265137,1.2999999523162842,1.1799999475479126,1.190000057220459,873600,0,0
2022-03-22,1.2100000381469727,1.2799999713897705,1.2100000381469727,1.25,762800,0,0
2022-03-23,1.25,1.2799999713897705,1.2100000381469727,1.2300000190734863,755400,0,0
2022-03-24,1.2400000095367432,1.25,1.1799999475479126,1.2100000381469727,635600,0,0
2022-03-25,1.2000000476837158,1.2400000095367432,1.1699999570846558,1.1699999570846558,671200,0,0
2022-03-28,1.2000000476837158,1.2100000381469727,1.1299999952316284,1.1799999475479126,919000,0,0
2022-03-29,1.2200000286102295,1.25,1.2100000381469727,1.2400000095367432,641900,0,0
2022-03-30,1.2400000095367432,1.340000033378601,1.2400000095367432,1.2799999713897705,1380100,0,0
2022-03-31,1.2699999809265137,1.409999966621399,1.2599999904632568,1.2799999713897705,1900600,0,0
2022-04-01,1.3200000524520874,1.340000033378601,1.2200000286102295,1.2400000095367432,762800,0,0
2022-04-04,1.2999999523162842,1.440000057220459,1.25,1.4199999570846558,1857900,0,0
2022-04-05,1.4500000476837158,1.4500000476837158,1.2799999713897705,1.2799999713897705,1058000,0,0
2022-04-06,1.2899999618530273,1.2999999523162842,1.190000057220459,1.2000000476837158,973800,0,0
2022-04-07,1.190000057220459,1.2300000190734863,1.1299999952316284,1.1699999570846558,681700,0,0
2022-04-08,1.159999966621399,1.2100000381469727,1.1399999856948853,1.190000057220459,522200,0,0
2022-04-11,1.1799999475479126,1.2200000286102295,1.149999976158142,1.149999976158142,374000,0,0
2022-04-12,1.2400000095367432,1.2599999904632568,1.2000000476837158,1.2100000381469727,739600,0,0
2022-04-13,1.2400000095367432,1.2799999713897705,1.2100000381469727,1.2100000381469727,586200,0,0
2022-04-14,1.3300000429153442,1.350000023841858,1.2200000286102295,1.2200000286102295,1937900,0,0
2022-04-18,1.2200000286102295,1.2300000190734863,1.1799999475479126,1.2200000286102295,519100,0,0
2022-04-19,1.2000000476837158,1.2799999713897705,1.190000057220459,1.25,346400,0,0
2022-04-20,1.25,1.2999999523162842,1.2400000095367432,1.2400000095367432,369400,0,0
2022-04-21,1.2699999809265137,1.409999966621399,1.2000000476837158,1.2100000381469727,2378700,0,0
2022-04-22,1.190000057220459,1.2300000190734863,1.1699999570846558,1.1699999570846558,592600,0,0
2022-04-25,1.159999966621399,1.2100000381469727,1.149999976158142,1.2000000476837158,463100,0,0
2022-04-26,1.190000057220459,1.190000057220459,1.1299999952316284,1.1399999856948853,418300,0,0
2022-04-27,1.159999966621399,1.1699999570846558,1.100000023841858,1.1100000143051147,462600,0,0
2022-04-28,1.1399999856948853,1.1399999856948853,1.0499999523162842,1.1399999856948853,529900,0,0
2022-04-29,1.1299999952316284,1.190000057220459,1.090000033378601,1.1100000143051147,489800,0,0
2022-05-02,1.1100000143051147,1.149999976158142,1.090000033378601,1.1399999856948853,310200,0,0
2022-05-03,1.149999976158142,1.1699999570846558,1.1299999952316284,1.149999976158142,267300,0,0
2022-05-04,1.1699999570846558,1.2000000476837158,1.1299999952316284,1.1799999475479126,423500,0,0
2022-05-05,1.149999976158142,1.159999966621399,1.100000023841858,1.1100000143051147,328600,0,0
2022-05-06,1.1100000143051147,1.1100000143051147,1.059999942779541,1.0800000429153442,834800,0,0
2022-05-09,1.0700000524520874,1.0700000524520874,1.0,1.0,863700,0,0
2022-05-10,1.059999942779541,1.100000023841858,1.0099999904632568,1.059999942779541,925900,0,0
2022-05-11,1.090000033378601,1.100000023841858,1.0,1.0099999904632568,990700,0,0
2022-05-12,1.0,1.0099999904632568,0.9200000166893005,0.9599999785423279,1327800,0,0
2022-05-13,1.1200000047683716,1.159999966621399,0.949999988079071,1.1100000143051147,2712400,0,0
2022-05-16,1.100000023841858,1.100000023841858,0.9599999785423279,0.9599999785423279,1377000,0,0
2022-05-17,0.9900000095367432,1.0700000524520874,0.9900000095367432,1.0499999523162842,772200,0,0
2022-05-18,1.0499999523162842,1.090000033378601,1.0199999809265137,1.0700000524520874,640700,0,0
2022-05-19,1.1699999570846558,1.2000000476837158,1.0800000429153442,1.159999966621399,10938300,0,0
2022-05-20,1.1799999475479126,1.1799999475479126,1.0299999713897705,1.0499999523162842,1480400,0,0
2022-05-23,1.0199999809265137,1.0700000524520874,1.0099999904632568,1.0499999523162842,931100,0,0
2022-05-24,1.0099999904632568,1.0199999809265137,0.9599999785423279,0.9900000095367432,634300,0,0
2022-05-25,0.9900000095367432,1.090000033378601,0.9900000095367432,1.090000033378601,408200,0,0
2022-05-26,1.100000023841858,1.1200000047683716,1.059999942779541,1.0800000429153442,632200,0,0
2022-05-27,1.0800000429153442,1.1399999856948853,1.0800000429153442,1.1299999952316284,652600,0,0
2022-05-31,1.1299999952316284,1.1699999570846558,1.0800000429153442,1.1399999856948853,789600,0,0
2022-06-01,1.1399999856948853,1.1699999570846558,1.100000023841858,1.159999966621399,465500,0,0
2022-06-02,1.1799999475479126,1.2799999713897705,1.1699999570846558,1.25,1085800,0,0
2022-06-03,1.2400000095367432,1.2999999523162842,1.2000000476837158,1.2999999523162842,699500,0,0
2022-06-06,1.340000033378601,1.340000033378601,1.2699999809265137,1.2899999618530273,686700,0,0
2022-06-07,1.2699999809265137,1.309999942779541,1.2400000095367432,1.2799999713897705,401600,0,0
2022-06-08,1.2899999618530273,1.399999976158142,1.2899999618530273,1.3799999952316284,786500,0,0
2022-06-09,1.3799999952316284,1.3799999952316284,1.2899999618530273,1.309999942779541,424900,0,0
2022-06-10,1.2400000095367432,1.2799999713897705,1.190000057220459,1.2400000095367432,448900,0,0
2022-06-13,1.159999966621399,1.2000000476837158,1.1100000143051147,1.190000057220459,648600,0,0
2022-06-14,1.1799999475479126,1.2000000476837158,1.1299999952316284,1.1399999856948853,266600,0,0
2022-06-15,1.1299999952316284,1.1699999570846558,1.100000023841858,1.1299999952316284,533100,0,0
2022-06-16,1.090000033378601,1.100000023841858,1.0299999713897705,1.0499999523162842,669700,0,0
2022-06-17,1.0700000524520874,1.1299999952316284,1.0700000524520874,1.100000023841858,1675000,0,0
2022-06-21,1.149999976158142,1.1699999570846558,1.1100000143051147,1.149999976158142,529600,0,0
2022-06-22,1.1299999952316284,1.159999966621399,1.1200000047683716,1.159999966621399,154800,0,0
2022-06-23,1.1699999570846558,1.2300000190734863,1.1399999856948853,1.2100000381469727,285200,0,0
2022-06-24,1.2200000286102295,1.2400000095367432,1.2000000476837158,1.2200000286102295,254400,0,0
2022-06-27,1.2000000476837158,1.25,1.2000000476837158,1.25,188300,0,0
2022-06-28,1.2799999713897705,1.2899999618530273,1.1200000047683716,1.1299999952316284,656500,0,0
2022-06-29,1.1299999952316284,1.1299999952316284,1.0800000429153442,1.1100000143051147,258200,0,0
2022-06-30,1.0700000524520874,1.100000023841858,1.0499999523162842,1.0700000524520874,261700,0,0
2022-07-01,1.0499999523162842,1.100000023841858,1.0299999713897705,1.0499999523162842,325700,0,0
2022-07-05,1.0499999523162842,1.1200000047683716,1.0199999809265137,1.1200000047683716,402500,0,0
2022-07-06,1.1100000143051147,1.1200000047683716,1.0800000429153442,1.1100000143051147,122700,0,0
2022-07-07,1.100000023841858,1.159999966621399,1.100000023841858,1.1399999856948853,230300,0,0
2022-07-08,1.159999966621399,1.2100000381469727,1.1399999856948853,1.190000057220459,245800,0,0
2022-07-11,1.149999976158142,1.2300000190734863,1.1299999952316284,1.2300000190734863,418900,0,0
2022-07-12,1.2300000190734863,1.25,1.1699999570846558,1.1799999475479126,399500,0,0
2022-07-13,1.1799999475479126,1.190000057220459,1.1399999856948853,1.1799999475479126,273000,0,0
2022-07-14,1.159999966621399,1.1699999570846558,1.1200000047683716,1.149999976158142,237600,0,0
2022-07-15,1.1299999952316284,1.1799999475479126,1.1100000143051147,1.1399999856948853,194200,0,0
2022-07-18,1.149999976158142,1.190000057220459,1.149999976158142,1.149999976158142,187100,0,0
2022-07-19,1.1699999570846558,1.2300000190734863,1.149999976158142,1.2200000286102295,253900,0,0
2022-07-20,1.2300000190734863,1.2799999713897705,1.2200000286102295,1.2699999809265137,399300,0,0
2022-07-21,1.25,1.2799999713897705,1.2400000095367432,1.2599999904632568,296400,0,0
2022-07-22,1.2699999809265137,1.2699999809265137,1.149999976158142,1.159999966621399,267800,0,0
2022-07-25,1.1699999570846558,1.190000057220459,1.1299999952316284,1.1799999475479126,171200,0,0
2022-07-26,1.1799999475479126,1.1799999475479126,1.1299999952316284,1.149999976158142,318200,0,0
