Date,Open,High,Low,Close,Volume,Dividends,Stock Splits
2019-07-22,30.850000381469727,31.729999542236328,30.200000762939453,30.209999084472656,3180800,0,0
2019-07-23,30.469999313354492,30.573999404907227,29.030000686645508,29.610000610351562,5317800,0,0
2019-07-24,29.719999313354492,32.849998474121094,29.520000457763672,32.70000076293945,5582000,0,0
2019-07-25,32.58000183105469,33.849998474121094,32.310001373291016,33.75,4979600,0,0
2019-07-26,33.630001068115234,33.75,32.31399917602539,32.45000076293945,2169700,0,0
2019-07-29,32.45000076293945,34.20000076293945,32.400001525878906,34.15999984741211,1896300,0,0
2019-07-30,33.86000061035156,34.63999938964844,33.689998626708984,34.43000030517578,1320000,0,0
2019-07-31,34.56999969482422,35.5,33.25,33.560001373291016,2406900,0,0
2019-08-01,33.72999954223633,35.09000015258789,33.459999084472656,33.58000183105469,1884700,0,0
2019-08-02,33.56999969482422,34.29999923706055,32.34000015258789,32.56999969482422,2101100,0,0
2019-08-05,31.700000762939453,32.619998931884766,31.5,32.209999084472656,2519600,0,0
2019-08-06,32.650001525878906,33.209999084472656,31.790000915527344,32.619998931884766,1617800,0,0
2019-08-07,32.209999084472656,32.47999954223633,31.270000457763672,32.33000183105469,1602200,0,0
2019-08-08,32.400001525878906,34.029998779296875,32.310001373291016,33.95000076293945,1286900,0,0
2019-08-09,33.91999816894531,34.9900016784668,33.5,33.75,1384700,0,0
2019-08-12,33.2599983215332,33.75,32.75,33.720001220703125,937100,0,0
2019-08-13,33.38999938964844,35.20000076293945,32.650001525878906,32.970001220703125,1785400,0,0
2019-08-14,32.63999938964844,32.63999938964844,30.56999969482422,31.84000015258789,2213500,0,0
2019-08-15,31.84000015258789,32.00699996948242,30.0,30.860000610351562,2528400,0,0
2019-08-16,30.969999313354492,31.364999771118164,30.6299991607666,30.940000534057617,1639600,0,0
2019-08-19,31.260000228881836,31.799999237060547,30.75,31.56999969482422,1388300,0,0
2019-08-20,31.510000228881836,32.189998626708984,31.100000381469727,32.119998931884766,735100,0,0
2019-08-21,32.25,32.47999954223633,31.010000228881836,31.5,1230300,0,0
2019-08-22,31.329999923706055,31.739999771118164,30.450000762939453,30.90999984741211,885600,0,0
2019-08-23,30.600000381469727,30.719999313354492,29.65999984741211,29.780000686645508,2847800,0,0
2019-08-26,30.020000457763672,31.239999771118164,29.90999984741211,31.0,1800100,0,0
2019-08-27,31.31999969482422,32.2400016784668,30.299999237060547,30.770000457763672,1777000,0,0
2019-08-28,30.5,30.850000381469727,30.190000534057617,30.399999618530273,684000,0,0
2019-08-29,30.90999984741211,31.704999923706055,30.469999313354492,31.700000762939453,892700,0,0
2019-08-30,31.81999969482422,33.220001220703125,31.68000030517578,33.0,1242100,0,0
2019-09-03,32.75,34.119998931884766,32.507999420166016,33.290000915527344,1933200,0,0
2019-09-04,33.630001068115234,34.75,33.47999954223633,34.31999969482422,1890700,0,0
2019-09-05,34.68000030517578,34.900001525878906,33.58000183105469,34.0,1558100,0,0
2019-09-06,34.02000045776367,34.5,32.65999984741211,32.790000915527344,1130600,0,0
2019-09-09,33.0,33.7400016784668,32.209999084472656,33.439998626708984,1021200,0,0
2019-09-10,33.09000015258789,33.099998474121094,30.209999084472656,30.440000534057617,3040200,0,0
2019-09-11,30.690000534057617,30.979999542236328,29.860000610351562,30.280000686645508,2116000,0,0
2019-09-12,30.5,30.915000915527344,29.25,29.510000228881836,2205500,0,0
2019-09-13,29.700000762939453,29.8799991607666,29.450000762939453,29.479999542236328,1524300,0,0
2019-09-16,29.270000457763672,30.920000076293945,29.187999725341797,30.43000030517578,2713100,0,0
2019-09-17,30.760000228881836,31.040000915527344,29.399999618530273,30.25,4661400,0,0
2019-09-18,29.200000762939453,29.399999618530273,27.3799991607666,28.389999389648438,9530300,0,0
2019-09-19,28.110000610351562,28.690000534057617,26.850000381469727,27.43000030517578,5779600,0,0
2019-09-20,27.479999542236328,27.809999465942383,26.290000915527344,26.389999389648438,5267300,0,0
2019-09-23,27.459999084472656,27.989999771118164,27.059999465942383,27.5,3134600,0,0
2019-09-24,27.600000381469727,27.8700008392334,25.920000076293945,26.030000686645508,2864000,0,0
2019-09-25,26.639999389648438,27.110000610351562,26.139999389648438,27.049999237060547,2254600,0,0
2019-09-26,26.889999389648438,26.950000762939453,25.920000076293945,26.280000686645508,1870500,0,0
2019-09-27,26.209999084472656,26.5,25.809999465942383,26.010000228881836,1881000,0,0
2019-09-30,26.219999313354492,26.43000030517578,24.520000457763672,24.579999923706055,2554300,0,0
2019-10-01,24.65999984741211,25.049999237060547,23.020000457763672,23.149999618530273,4025100,0,0
2019-10-02,23.0,24.270000457763672,22.280000686645508,24.049999237060547,3713300,0,0
2019-10-03,24.510000228881836,25.170000076293945,23.649999618530273,24.420000076293945,1912100,0,0
2019-10-04,24.450000762939453,25.979999542236328,24.43000030517578,25.860000610351562,1767300,0,0
2019-10-07,25.8799991607666,26.950000762939453,25.850000381469727,26.719999313354492,2587600,0,0
2019-10-08,26.3700008392334,26.59000015258789,25.770000457763672,26.209999084472656,2186100,0,0
2019-10-09,26.209999084472656,26.729999542236328,25.309999465942383,25.389999389648438,976700,0,0
2019-10-10,25.329999923706055,26.1200008392334,25.100000381469727,25.389999389648438,1221600,0,0
2019-10-11,25.31999969482422,26.489999771118164,25.290000915527344,26.040000915527344,977700,0,0
2019-10-14,25.8799991607666,26.16200065612793,24.8799991607666,25.780000686645508,1334700,0,0
2019-10-15,25.700000762939453,26.950000762939453,25.649999618530273,26.790000915527344,1194600,0,0
2019-10-16,26.90999984741211,27.34000015258789,26.329999923706055,26.489999771118164,1374800,0,0
2019-10-17,26.5,26.940000534057617,26.149999618530273,26.739999771118164,1716500,0,0
2019-10-18,26.860000610351562,27.290000915527344,26.479999542236328,27.049999237060547,1704100,0,0
2019-10-21,27.049999237060547,28.239999771118164,26.709999084472656,27.860000610351562,1548700,0,0
2019-10-22,28.0,28.489999771118164,27.607999801635742,28.059999465942383,1371900,0,0
2019-10-23,28.149999618530273,28.209999084472656,26.649999618530273,26.790000915527344,1477500,0,0
2019-10-24,26.84000015258789,27.25,26.649999618530273,26.729999542236328,1222100,0,0
2019-10-25,26.75,28.270000457763672,26.75,27.790000915527344,1075300,0,0
2019-10-28,27.299999237060547,27.65999984741211,26.899999618530273,27.25,1070300,0,0
2019-10-29,27.190000534057617,27.209999084472656,25.760000228881836,25.770000457763672,1195900,0,0
2019-10-30,25.829999923706055,26.010000228881836,24.920000076293945,25.389999389648438,966000,0,0
2019-10-31,25.360000610351562,25.440000534057617,24.479999542236328,24.670000076293945,1195900,0,0
2019-11-01,24.8700008392334,24.875999450683594,23.510000228881836,23.90999984741211,2166600,0,0
2019-11-04,24.149999618530273,24.43000030517578,23.639999389648438,23.75,1321400,0,0
2019-11-05,23.889999389648438,24.649999618530273,23.049999237060547,24.530000686645508,1867800,0,0
2019-11-06,24.43000030517578,24.600000381469727,23.1299991607666,23.639999389648438,1837100,0,0
2019-11-07,23.639999389648438,24.09000015258789,22.770000457763672,22.969999313354492,1232200,0,0
2019-11-08,23.0,23.18000030517578,22.559999465942383,22.989999771118164,1102500,0,0
2019-11-11,23.549999237060547,23.639999389648438,22.75,22.950000762939453,2387200,0,0
2019-11-12,22.889999389648438,23.530000686645508,22.559999465942383,23.030000686645508,1967500,0,0
2019-11-13,23.049999237060547,24.0,22.8799991607666,23.850000381469727,1636500,0,0
2019-11-14,23.850000381469727,23.93000030517578,22.760000228881836,23.399999618530273,1558600,0,0
2019-11-15,23.549999237060547,23.690000534057617,22.950000762939453,23.399999618530273,1279400,0,0
2019-11-18,23.149999618530273,23.299999237060547,21.68000030517578,22.1299991607666,3447000,0,0
2019-11-19,22.0,23.600000381469727,21.959999084472656,23.1200008392334,3646400,0,0
2019-11-20,23.049999237060547,23.670000076293945,22.719999313354492,23.200000762939453,2175800,0,0
2019-11-21,23.15999984741211,23.290000915527344,22.5,22.68000030517578,1443300,0,0
2019-11-22,22.950000762939453,23.010000228881836,22.340999603271484,22.889999389648438,1537300,0,0
2019-11-25,22.799999237060547,23.739999771118164,22.6200008392334,23.389999389648438,4445200,0,0
2019-11-26,23.520000457763672,24.18000030517578,23.360000610351562,23.899999618530273,1594900,0,0
2019-11-27,23.959999084472656,24.479999542236328,23.639999389648438,24.3799991607666,1150300,0,0
2019-11-29,24.3799991607666,24.950000762939453,24.20199966430664,24.760000228881836,909200,0,0
2019-12-02,24.979999542236328,24.989999771118164,23.350000381469727,23.829999923706055,3010400,0,0
2019-12-03,23.239999771118164,24.510000228881836,22.979999542236328,24.309999465942383,2213100,0,0
2019-12-04,24.530000686645508,24.545000076293945,22.670000076293945,22.889999389648438,2904900,0,0
2019-12-05,23.889999389648438,24.639999389648438,23.010000228881836,24.329999923706055,3646600,0,0
2019-12-06,24.450000762939453,25.34000015258789,24.1200008392334,24.950000762939453,2999600,0,0
2019-12-09,25.329999923706055,25.360000610351562,23.84000015258789,24.18000030517578,5005900,0,0
2019-12-10,24.0,26.06999969482422,23.06999969482422,25.5,9117600,0,0
2019-12-11,26.799999237060547,27.690000534057617,26.059999465942383,26.8799991607666,7758500,0,0
2019-12-12,27.049999237060547,28.677000045776367,27.010000228881836,27.950000762939453,6305900,0,0
2019-12-13,28.350000381469727,29.479999542236328,28.100000381469727,28.260000228881836,3794300,0,0
2019-12-16,28.329999923706055,28.489999771118164,27.239999771118164,28.030000686645508,2487500,0,0
2019-12-17,28.059999465942383,28.600000381469727,27.639999389648438,28.56999969482422,2393100,0,0
2019-12-18,28.68000030517578,28.68000030517578,27.84000015258789,27.90999984741211,2687700,0,0
2019-12-19,28.219999313354492,28.790000915527344,27.989999771118164,28.559999465942383,2492000,0,0
2019-12-20,28.530000686645508,29.5,28.530000686645508,29.079999923706055,12146300,0,0
2019-12-23,29.170000076293945,29.440000534057617,27.65999984741211,28.440000534057617,3795200,0,0
2019-12-24,28.549999237060547,29.010000228881836,28.5,28.809999465942383,1571700,0,0
2019-12-26,29.010000228881836,29.611000061035156,28.829999923706055,29.420000076293945,2966600,0,0
2019-12-27,29.510000228881836,29.600000381469727,28.389999389648438,28.6299991607666,1441700,0,0
2019-12-30,28.639999389648438,28.665000915527344,28.329999923706055,28.489999771118164,1767900,0,0
2019-12-31,28.389999389648438,29.139999389648438,28.200000762939453,29.0,1705600,0,0
2020-01-02,29.31999969482422,29.6299991607666,28.950000762939453,29.6200008392334,2145100,0,0
2020-01-03,29.0,29.399999618530273,28.530000686645508,29.34000015258789,2205300,0,0
2020-01-06,28.899999618530273,29.799999237060547,28.559999465942383,29.3700008392334,2110400,0,0
2020-01-07,29.350000381469727,29.899999618530273,29.125,29.200000762939453,1896700,0,0
2020-01-08,29.5,29.5,28.59000015258789,28.6200008392334,1275100,0,0
2020-01-09,29.920000076293945,30.6200008392334,29.219999313354492,29.43000030517578,4261600,0,0
2020-01-10,29.5,29.549999237060547,28.510000228881836,29.229999542236328,1976700,0,0
2020-01-13,29.559999465942383,30.989999771118164,29.559999465942383,30.520000457763672,3283500,0,0
2020-01-14,30.799999237060547,31.520000457763672,30.559999465942383,31.1299991607666,2795400,0,0
2020-01-15,31.290000915527344,31.969999313354492,30.472999572753906,30.5,3212000,0,0
2020-01-16,30.75,30.770000457763672,28.8799991607666,29.270000457763672,3362900,0,0
2020-01-17,29.3799991607666,30.030000686645508,28.709999084472656,29.3700008392334,2344200,0,0
2020-01-21,29.43000030517578,30.190000534057617,28.969999313354492,30.139999389648438,1909100,0,0
2020-01-22,30.299999237060547,30.299999237060547,29.0,29.020000457763672,2501800,0,0
2020-01-23,28.899999618530273,28.969999313354492,27.600000381469727,28.030000686645508,2699800,0,0
2020-01-24,28.299999237060547,28.649999618530273,27.90999984741211,28.469999313354492,1314100,0,0
2020-01-27,28.450000762939453,29.1299991607666,28.15999984741211,28.979999542236328,1338400,0,0
2020-01-28,28.90999984741211,29.399999618530273,28.610000610351562,29.260000228881836,1151900,0,0
2020-01-29,29.229999542236328,29.332000732421875,28.200000762939453,28.25,1101700,0,0
2020-01-30,28.170000076293945,28.899999618530273,28.11400032043457,28.6200008392334,1395000,0,0
2020-01-31,28.559999465942383,28.59000015258789,26.059999465942383,26.510000228881836,4522400,0,0
2020-02-03,26.670000076293945,28.229999542236328,26.610000610351562,28.200000762939453,1751000,0,0
2020-02-04,28.799999237060547,29.3799991607666,27.1299991607666,27.34000015258789,2228900,0,0
2020-02-05,27.739999771118164,27.757999420166016,26.829999923706055,26.899999618530273,1564500,0,0
2020-02-06,27.149999618530273,27.799999237060547,26.440000534057617,27.709999084472656,1547700,0,0
2020-02-07,27.389999389648438,28.239999771118164,27.280000686645508,27.8799991607666,1560800,0,0
2020-02-10,27.979999542236328,28.559999465942383,27.8700008392334,28.049999237060547,1348700,0,0
2020-02-11,28.290000915527344,28.549999237060547,27.600000381469727,27.729999542236328,1482800,0,0
2020-02-12,27.850000381469727,28.149999618530273,27.280000686645508,28.100000381469727,1299900,0,0
2020-02-13,28.0,29.049999237060547,27.799999237060547,28.8700008392334,1575600,0,0
2020-02-14,28.860000610351562,29.0,28.360000610351562,28.700000762939453,1566700,0,0
2020-02-18,28.540000915527344,29.25,28.290000915527344,28.920000076293945,1164700,0,0
2020-02-19,28.899999618530273,29.299999237060547,28.74799919128418,29.299999237060547,1058900,0,0
2020-02-20,29.1200008392334,29.799999237060547,28.950000762939453,29.239999771118164,1163300,0,0
2020-02-21,32.04999923706055,32.369998931884766,29.850000381469727,30.399999618530273,5857300,0,0
2020-02-24,28.799999237060547,31.440000534057617,28.799999237060547,30.84000015258789,3526600,0,0
2020-02-25,31.0,31.809999465942383,29.329999923706055,29.489999771118164,2883900,0,0
2020-02-26,29.770000457763672,30.93000030517578,29.326000213623047,30.739999771118164,3074000,0,0
2020-02-27,29.8799991607666,31.389999389648438,29.5,30.06999969482422,2794900,0,0
2020-02-28,28.860000610351562,29.899999618530273,28.360000610351562,29.600000381469727,3611200,0,0
2020-03-02,30.0,30.0,28.25,28.93000030517578,2754600,0,0
2020-03-03,29.290000915527344,29.690000534057617,27.410999298095703,27.75,3098000,0,0
2020-03-04,28.15999984741211,28.290000915527344,27.260000228881836,27.93000030517578,3673200,0,0
2020-03-05,27.3799991607666,29.149999618530273,27.209999084472656,28.520000457763672,2628800,0,0
2020-03-06,27.690000534057617,28.316999435424805,27.459999084472656,28.020000457763672,1813200,0,0
2020-03-09,26.389999389648438,27.68000030517578,26.0,27.290000915527344,2235300,0,0
2020-03-10,27.739999771118164,27.989999771118164,26.110000610351562,27.110000610351562,2491100,0,0
2020-03-11,26.719999313354492,26.889999389648438,24.829999923706055,25.459999084472656,2417300,0,0
2020-03-12,23.09000015258789,25.329999923706055,20.6200008392334,22.770000457763672,3530900,0,0
2020-03-13,24.31999969482422,26.100000381469727,23.260000228881836,26.049999237060547,2368700,0,0
2020-03-16,23.299999237060547,27.100000381469727,22.75,24.270000457763672,3442600,0,0
2020-03-17,25.059999465942383,28.940000534057617,24.655000686645508,27.90999984741211,4819600,0,0
2020-03-18,26.459999084472656,31.729999542236328,26.389999389648438,30.850000381469727,8402900,0,0
2020-03-19,32.630001068115234,35.0,31.329999923706055,32.41999816894531,5906300,0,0
2020-03-20,32.75,33.45000076293945,29.155000686645508,31.920000076293945,3068000,0,0
2020-03-23,32.459999084472656,33.400001525878906,30.350000381469727,32.13999938964844,2306600,0,0
2020-03-24,32.97999954223633,33.79999923706055,30.020000457763672,33.650001525878906,3765400,0,0
2020-03-25,33.599998474121094,34.380001068115234,30.649999618530273,31.06999969482422,2827200,0,0
2020-03-26,30.889999389648438,34.349998474121094,30.5,33.810001373291016,2603700,0,0
2020-03-27,33.4900016784668,36.349998474121094,32.54999923706055,36.15999984741211,3478000,0,0
2020-03-30,37.97999954223633,39.630001068115234,36.512001037597656,38.0,7100800,0,0
2020-03-31,38.380001068115234,38.849998474121094,37.06999969482422,37.4900016784668,3215400,0,0
2020-04-01,37.72999954223633,37.939998626708984,35.529998779296875,35.97999954223633,3506300,0,0
2020-04-02,35.34000015258789,36.97999954223633,34.20000076293945,35.060001373291016,5657100,0,0
2020-04-03,35.22999954223633,35.446998596191406,31.780000686645508,33.369998931884766,7131600,0,0
2020-04-06,33.63999938964844,35.47999954223633,33.0,33.220001220703125,3815800,0,0
2020-04-07,33.7599983215332,34.099998474121094,31.809999465942383,33.310001373291016,3273100,0,0
2020-04-08,33.459999084472656,38.380001068115234,33.459999084472656,36.93000030517578,7632200,0,0
2020-04-09,37.20000076293945,42.689998626708984,37.0,42.61000061035156,8351800,0,0
2020-04-13,42.0,42.4900016784668,39.2599983215332,40.2400016784668,4172200,0,0
2020-04-14,41.40999984741211,43.33000183105469,41.19599914550781,41.31999969482422,2418000,0,0
2020-04-15,41.0,44.69900131225586,40.29999923706055,43.90999984741211,3795800,0,0
2020-04-16,44.630001068115234,47.54999923706055,43.39500045776367,44.90999984741211,4420700,0,0
2020-04-17,42.02000045776367,44.349998474121094,41.130001068115234,43.779998779296875,4979500,0,0
2020-04-20,43.779998779296875,46.0,43.25,44.720001220703125,2843200,0,0
2020-04-21,43.81999969482422,44.95000076293945,41.75,43.439998626708984,2296300,0,0
2020-04-22,43.06999969482422,46.25,42.5099983215332,44.81999969482422,3466000,0,0
2020-04-23,45.0,45.439998626708984,43.279998779296875,43.349998474121094,1921600,0,0
2020-04-24,44.09000015258789,44.4900016784668,42.90999984741211,44.040000915527344,2072400,0,0
2020-04-27,45.20000076293945,46.790000915527344,44.70000076293945,46.18000030517578,2217100,0,0
2020-04-28,46.18000030517578,46.5,42.939998626708984,44.15999984741211,2826900,0,0
2020-04-29,43.88999938964844,45.11000061035156,42.59000015258789,45.0,4859500,0,0
2020-04-30,44.91999816894531,45.060001373291016,42.97999954223633,43.2400016784668,3975600,0,0
2020-05-01,42.18000030517578,43.849998474121094,42.02000045776367,42.900001525878906,3841200,0,0
2020-05-04,42.0,42.720001220703125,38.80099868774414,39.2400016784668,11912100,0,0
2020-05-05,40.0,42.2599983215332,39.70000076293945,42.09000015258789,15289700,0,0
2020-05-06,41.93000030517578,41.93000030517578,39.380001068115234,40.369998931884766,4329400,0,0
2020-05-07,40.959999084472656,41.349998474121094,39.31999969482422,39.400001525878906,4443500,0,0
2020-05-08,40.0,40.77000045776367,39.189998626708984,39.40999984741211,3138400,0,0
2020-05-11,39.66999816894531,40.040000915527344,37.7859992980957,39.04999923706055,4671200,0,0
2020-05-12,39.65999984741211,41.790000915527344,37.650001525878906,40.36000061035156,5786800,0,0
2020-05-13,40.5,42.56999969482422,39.40999984741211,41.77000045776367,5873600,0,0
2020-05-14,41.79999923706055,42.44499969482422,40.310001373291016,41.290000915527344,2556800,0,0
2020-05-15,40.7599983215332,42.33000183105469,40.529998779296875,42.11000061035156,1780400,0,0
2020-05-18,42.099998474121094,43.18000030517578,40.0,41.08000183105469,3594700,0,0
2020-05-19,41.150001525878906,42.220001220703125,40.0,40.04999923706055,2234300,0,0
2020-05-20,40.68000030517578,40.779998779296875,38.150001525878906,39.45000076293945,4677000,0,0
2020-05-21,39.72999954223633,40.70000076293945,38.900001525878906,40.189998626708984,1949800,0,0
2020-05-22,40.20000076293945,42.79999923706055,40.10499954223633,42.75,3849700,0,0
2020-05-26,43.599998474121094,43.880001068115234,41.130001068115234,41.709999084472656,2676100,0,0
2020-05-27,41.060001373291016,41.09000015258789,36.650001525878906,40.130001068115234,4524100,0,0
2020-05-28,39.5099983215332,42.619998931884766,39.459999084472656,41.790000915527344,2748700,0,0
2020-05-29,42.79999923706055,44.5,42.42499923706055,44.439998626708984,3066500,0,0
2020-06-01,44.15999984741211,46.0,44.0099983215332,45.09000015258789,2649800,0,0
2020-06-02,45.189998626708984,49.41999816894531,45.11000061035156,49.41999816894531,5268800,0,0
2020-06-03,48.65999984741211,49.70000076293945,47.75,48.220001220703125,3516700,0,0
2020-06-04,49.06999969482422,51.720001220703125,48.132999420166016,49.11000061035156,4078400,0,0
2020-06-05,47.54999923706055,50.119998931884766,47.54999923706055,48.439998626708984,2820400,0,0
2020-06-08,49.54999923706055,51.06999969482422,48.18000030517578,48.77000045776367,5276100,0,0
2020-06-09,49.970001220703125,52.2599983215332,48.130001068115234,51.5099983215332,10264200,0,0
2020-06-10,50.959999084472656,52.349998474121094,48.529998779296875,49.630001068115234,8819900,0,0
2020-06-11,47.970001220703125,52.45000076293945,47.5,49.18000030517578,6355900,0,0
2020-06-12,50.5,51.529998779296875,46.119998931884766,48.130001068115234,4111800,0,0
2020-06-15,48.11000061035156,48.91999816894531,46.470001220703125,46.7599983215332,4204000,0,0
2020-06-16,47.650001525878906,48.13999938964844,45.720001220703125,47.09000015258789,4599100,0,0
2020-06-17,47.400001525878906,50.0,46.7599983215332,49.560001373291016,5804300,0,0
2020-06-18,49.400001525878906,49.65999984741211,47.380001068115234,48.20000076293945,3743300,0,0
2020-06-19,48.5,51.11000061035156,47.45000076293945,50.29999923706055,9444200,0,0
2020-06-22,50.900001525878906,52.77000045776367,50.38999938964844,50.90999984741211,4224600,0,0
2020-06-23,51.029998779296875,51.81999969482422,48.47999954223633,48.90999984741211,4366100,0,0
2020-06-24,49.11000061035156,51.08000183105469,48.91999816894531,49.7400016784668,4438900,0,0
2020-06-25,50.040000915527344,50.72999954223633,49.042999267578125,49.439998626708984,2942000,0,0
2020-06-26,49.380001068115234,50.33000183105469,46.869998931884766,46.939998626708984,4374200,0,0
2020-06-29,47.5,47.5,44.845001220703125,45.150001525878906,4853500,0,0
2020-06-30,45.25,46.38999938964844,44.310001373291016,44.689998626708984,3396900,0,0
2020-07-01,44.81999969482422,47.29999923706055,44.744998931884766,46.459999084472656,4317800,0,0
2020-07-02,46.91999816894531,47.849998474121094,46.209999084472656,47.08000183105469,2733400,0,0
2020-07-06,47.5,48.540000915527344,46.11000061035156,46.970001220703125,3137500,0,0
2020-07-07,47.369998931884766,48.2400016784668,46.599998474121094,47.79999923706055,2043300,0,0
2020-07-08,48.209999084472656,50.040000915527344,48.060001373291016,49.9900016784668,3243000,0,0
2020-07-09,50.290000915527344,51.935001373291016,49.53499984741211,51.91999816894531,3101300,0,0
2020-07-10,51.959999084472656,52.099998474121094,47.90299987792969,48.54999923706055,6334500,0,0
2020-07-13,48.61000061035156,52.540000915527344,48.5620002746582,49.04999923706055,8499400,0,0
2020-07-14,48.81999969482422,49.22999954223633,45.599998474121094,48.0,5003300,0,0
2020-07-15,47.540000915527344,47.54999923706055,46.0,47.119998931884766,4464800,0,0
2020-07-16,46.779998779296875,48.59000015258789,46.540000915527344,48.220001220703125,2854900,0,0
2020-07-17,48.34000015258789,49.33000183105469,46.75,46.79999923706055,2907700,0,0
2020-07-20,47.4900016784668,49.814998626708984,47.33000183105469,49.43000030517578,3413400,0,0
2020-07-21,49.68000030517578,49.68000030517578,47.880001068115234,48.810001373291016,2401100,0,0
2020-07-22,48.900001525878906,49.18000030517578,47.75,48.709999084472656,1379800,0,0
2020-07-23,48.970001220703125,49.61000061035156,47.02000045776367,47.52000045776367,2206400,0,0
2020-07-24,46.04999923706055,46.779998779296875,45.25,45.959999084472656,3242800,0,0
2020-07-27,46.06999969482422,47.52000045776367,45.79999923706055,46.72999954223633,1936000,0,0
2020-07-28,46.7400016784668,47.310001373291016,45.689998626708984,46.31999969482422,2213600,0,0
2020-07-29,46.41999816894531,47.84000015258789,45.79999923706055,47.59000015258789,9249800,0,0
2020-07-30,47.529998779296875,49.279998779296875,47.04999923706055,49.02000045776367,4430600,0,0
2020-07-31,50.20000076293945,52.5,49.9109992980957,52.4900016784668,4803100,0,0
2020-08-03,53.75,57.4900016784668,53.400001525878906,56.84000015258789,6864100,0,0
2020-08-04,56.5,59.29999923706055,56.06999969482422,58.13999938964844,3988800,0,0
2020-08-05,57.66999816894531,58.880001068115234,57.209999084472656,58.81999969482422,1989400,0,0
2020-08-06,58.70000076293945,58.880001068115234,56.540000915527344,56.7400016784668,2292300,0,0
2020-08-07,56.540000915527344,56.72999954223633,53.5099983215332,54.90999984741211,3058600,0,0
2020-08-10,55.560001373291016,56.099998474121094,51.79499816894531,53.400001525878906,4223700,0,0
2020-08-11,52.709999084472656,52.959999084472656,50.220001220703125,50.61000061035156,4416600,0,0
2020-08-12,51.15999984741211,53.61000061035156,50.650001525878906,53.150001525878906,3977800,0,0
2020-08-13,53.77000045776367,55.31999969482422,53.060001373291016,54.619998931884766,2774600,0,0
2020-08-14,54.970001220703125,54.970001220703125,52.66999816894531,53.790000915527344,2116600,0,0
2020-08-17,54.45000076293945,55.900001525878906,53.900001525878906,55.630001068115234,2517400,0,0
2020-08-18,56.0,57.599998474121094,55.630001068115234,57.119998931884766,2533400,0,0
2020-08-19,57.029998779296875,57.529998779296875,55.849998474121094,56.220001220703125,1374200,0,0
2020-08-20,56.040000915527344,57.654998779296875,56.0,57.209999084472656,1883100,0,0
2020-08-21,57.099998474121094,57.099998474121094,55.20000076293945,56.970001220703125,1874900,0,0
2020-08-24,57.59000015258789,58.459999084472656,55.310001373291016,57.060001373291016,2048200,0,0
2020-08-25,56.560001373291016,57.650001525878906,55.5099983215332,56.65999984741211,2366900,0,0
2020-08-26,56.939998626708984,59.41999816894531,56.869998931884766,58.279998779296875,2538200,0,0
2020-08-27,58.0099983215332,58.31800079345703,56.150001525878906,56.880001068115234,2251200,0,0
2020-08-28,56.810001373291016,60.97999954223633,56.810001373291016,59.72999954223633,4125200,0,0
2020-08-31,60.09000015258789,61.84000015258789,58.79999923706055,61.06999969482422,3574100,0,0
2020-09-01,61.95000076293945,70.3499984741211,61.869998931884766,69.43000030517578,8431300,0,0
2020-09-02,71.58999633789062,74.83999633789062,68.65699768066406,70.0999984741211,9015400,0,0
2020-09-03,68.38999938964844,69.52999877929688,60.65999984741211,61.939998626708984,7119500,0,0
2020-09-04,62.5,64.55000305175781,56.150001525878906,61.18000030517578,5643300,0,0
2020-09-08,59.93000030517578,63.29999923706055,59.45000076293945,60.79999923706055,5454900,0,0
2020-09-09,64.3499984741211,65.30000305175781,61.209999084472656,61.5,6087000,0,0
2020-09-10,62.0,63.68000030517578,59.619998931884766,59.689998626708984,8178100,0,0
2020-09-11,58.81999969482422,61.25,53.56999969482422,53.810001373291016,15737700,0,0
2020-09-14,54.15999984741211,55.09000015258789,52.400001525878906,53.0,5499800,0,0
2020-09-15,53.5,54.599998474121094,52.77000045776367,54.11000061035156,4381400,0,0
2020-09-16,54.20000076293945,57.0,54.150001525878906,56.15999984741211,4991700,0,0
2020-09-17,54.59000015258789,54.84000015258789,52.85900115966797,54.41999816894531,8282200,0,0
2020-09-18,54.34000015258789,54.849998474121094,51.25,53.0,7087500,0,0
2020-09-21,52.209999084472656,53.779998779296875,52.04999923706055,53.220001220703125,5403300,0,0
2020-09-22,53.93000030517578,54.72999954223633,52.7599983215332,54.47999954223633,3908700,0,0
2020-09-23,54.5099983215332,57.029998779296875,54.11000061035156,54.9900016784668,5996200,0,0
2020-09-24,54.5,55.86000061035156,53.04999923706055,54.959999084472656,3706700,0,0
2020-09-25,55.72999954223633,56.77000045776367,55.060001373291016,56.0,4141400,0,0
2020-09-28,56.86000061035156,57.303001403808594,54.7599983215332,56.369998931884766,3134300,0,0
2020-09-29,56.369998931884766,57.15999984741211,54.900001525878906,54.970001220703125,2852300,0,0
2020-09-30,54.88999938964844,56.099998474121094,54.54999923706055,54.83000183105469,2123500,0,0
2020-10-01,55.66999816894531,59.16999816894531,55.29999923706055,58.93000030517578,5467900,0,0
2020-10-02,57.72999954223633,58.470001220703125,55.61000061035156,56.54999923706055,4233100,0,0
2020-10-05,56.310001373291016,57.7400016784668,56.0099983215332,57.52000045776367,2021100,0,0
2020-10-06,57.33000183105469,58.849998474121094,55.939998626708984,56.15999984741211,2520100,0,0
2020-10-07,57.27000045776367,58.13999938964844,56.43000030517578,57.040000915527344,2294900,0,0
2020-10-08,57.59000015258789,59.45000076293945,57.119998931884766,58.66999816894531,3082600,0,0
2020-10-09,59.31999969482422,61.849998474121094,58.849998474121094,61.58000183105469,3380100,0,0
2020-10-12,62.119998931884766,64.94999694824219,61.75,64.44999694824219,4433200,0,0
2020-10-13,64.1500015258789,67.02999877929688,63.83000183105469,66.86000061035156,3357900,0,0
2020-10-14,67.69000244140625,68.36000061035156,63.72999954223633,64.12000274658203,3061000,0,0
2020-10-15,62.83000183105469,65.72000122070312,62.5,64.87999725341797,2430700,0,0
2020-10-16,69.43000030517578,69.81700134277344,66.18000030517578,67.23999786376953,8149100,0,0
2020-10-19,68.0199966430664,70.72000122070312,67.27999877929688,68.88999938964844,4217500,0,0
2020-10-20,68.69999694824219,69.9000015258789,67.7300033569336,68.11000061035156,2011700,0,0
2020-10-21,68.81999969482422,69.80000305175781,64.12999725341797,64.66999816894531,3505300,0,0
2020-10-22,65.13999938964844,65.72000122070312,63.099998474121094,63.619998931884766,2582300,0,0
2020-10-23,63.650001525878906,64.47000122070312,62.040000915527344,63.630001068115234,2806400,0,0
2020-10-26,62.900001525878906,64.87899780273438,61.68000030517578,63.4900016784668,1580800,0,0
2020-10-27,64.3499984741211,68.0,64.01300048828125,67.72000122070312,2512300,0,0
2020-10-28,68.75,72.54000091552734,68.70999908447266,72.01000213623047,6889000,0,0
2020-10-29,71.87999725341797,72.5,67.66000366210938,67.66999816894531,4022800,0,0
2020-10-30,66.91000366210938,66.9800033569336,60.61000061035156,61.599998474121094,8243100,0,0
2020-11-02,62.130001068115234,62.560001373291016,59.75199890136719,60.790000915527344,2803700,0,0
2020-11-03,61.290000915527344,65.05500030517578,60.4739990234375,64.23999786376953,2500600,0,0
2020-11-04,65.0199966430664,68.44999694824219,65.0199966430664,67.04000091552734,2392300,0,0
2020-11-05,69.05999755859375,69.77999877929688,67.25,67.58999633789062,2004300,0,0
2020-11-06,68.04000091552734,70.62999725341797,66.88999938964844,70.31999969482422,2224900,0,0
2020-11-09,64.52999877929688,64.76000213623047,60.0,62.09000015258789,8076400,0,0
2020-11-10,61.5,61.970001220703125,55.810001373291016,59.91999816894531,6863500,0,0
2020-11-11,60.90999984741211,64.9000015258789,60.86000061035156,63.959999084472656,4544800,0,0
2020-11-12,63.88999938964844,65.19999694824219,61.84199905395508,63.380001068115234,3783000,0,0
2020-11-13,64.4000015258789,64.78299713134766,62.220001220703125,62.9900016784668,3382500,0,0
2020-11-16,61.599998474121094,65.0999984741211,61.00199890136719,64.33000183105469,2744900,0,0
2020-11-17,64.66000366210938,64.91999816894531,63.18000030517578,64.37999725341797,2178400,0,0
2020-11-18,64.19999694824219,66.9800033569336,64.0999984741211,66.4000015258789,2912400,0,0
2020-11-19,66.94999694824219,68.5,65.91000366210938,66.72000122070312,2918300,0,0
2020-11-20,66.94999694824219,69.72000122070312,66.6500015258789,68.70999908447266,2487800,0,0
2020-11-23,69.0199966430664,69.9000015258789,67.16000366210938,69.2699966430664,2262000,0,0
2020-11-24,68.94999694824219,69.04000091552734,66.7699966430664,67.25,2897400,0,0
2020-11-25,68.04000091552734,69.72000122070312,67.14600372314453,69.33999633789062,3074400,0,0
2020-11-27,70.0999984741211,74.47000122070312,69.75,74.25,3207700,0,0
2020-11-30,74.58000183105469,77.94999694824219,72.5999984741211,77.58000183105469,8927100,0,0
2020-12-01,78.3499984741211,78.49700164794922,74.30999755859375,75.33999633789062,3226000,0,0
2020-12-02,74.25,74.25,70.51000213623047,71.2300033569336,4647500,0,0
2020-12-03,72.29000091552734,73.54000091552734,70.91999816894531,72.68000030517578,3894900,0,0
2020-12-04,72.69999694824219,75.15299987792969,72.52999877929688,74.94000244140625,3103400,0,0
2020-12-07,75.69999694824219,77.83100128173828,74.16000366210938,74.77999877929688,4094800,0,0
2020-12-08,75.5999984741211,79.77999877929688,74.80000305175781,79.1500015258789,10901300,0,0
2020-12-09,78.0,82.48999786376953,74.3499984741211,75.56999969482422,13685300,0,0
2020-12-10,75.86000061035156,79.3499984741211,75.5999984741211,78.06999969482422,3420400,0,0
2020-12-11,79.11000061035156,85.36000061035156,78.76000213623047,85.11000061035156,8780700,0,0
2020-12-14,84.29000091552734,85.94999694824219,82.05999755859375,82.80999755859375,4446200,0,0
2020-12-15,83.0,91.37000274658203,82.69999694824219,91.12999725341797,7005400,0,0
2020-12-16,90.80000305175781,94.55999755859375,90.55999755859375,94.12000274658203,5029400,0,0
2020-12-17,96.19000244140625,101.04000091552734,96.05999755859375,100.18000030517578,7833100,0,0
2020-12-18,101.87000274658203,102.70999908447266,98.5999984741211,100.12999725341797,6085800,0,0
2020-12-21,100.4000015258789,109.04000091552734,100.16100311279297,107.48999786376953,7171600,0,0
2020-12-22,108.33999633789062,109.7300033569336,102.58999633789062,106.69000244140625,4314900,0,0
2020-12-23,106.77999877929688,107.15799713134766,100.81999969482422,102.08000183105469,3805400,0,0
2020-12-24,102.97000122070312,106.5,102.66000366210938,104.01000213623047,1607400,0,0
2020-12-28,104.62999725341797,105.0,92.38999938964844,92.61000061035156,7315700,0,0
2020-12-29,93.0,95.98999786376953,89.5199966430664,90.91999816894531,5375100,0,0
2020-12-30,92.30000305175781,94.54000091552734,90.38999938964844,92.33999633789062,4185100,0,0
2020-12-31,92.04000091552734,92.4000015258789,88.2300033569336,89.88999938964844,3601900,0,0
2021-01-04,90.79000091552734,91.44000244140625,86.5,88.9000015258789,2991200,0,0
2021-01-05,88.26000213623047,95.4000015258789,88.00499725341797,95.29000091552734,4597000,0,0
2021-01-06,90.91000366210938,96.20600128173828,90.58300018310547,94.0199966430664,2919900,0,0
2021-01-07,95.70999908447266,99.37999725341797,94.91999816894531,97.9800033569336,2806400,0,0
2021-01-08,99.94999694824219,100.5,95.83000183105469,96.87000274658203,2629800,0,0
2021-01-11,95.29000091552734,98.73500061035156,93.77999877929688,97.1500015258789,1809900,0,0
2021-01-12,98.0,104.55000305175781,97.72000122070312,104.1500015258789,3991200,0,0
2021-01-13,105.5,114.23999786376953,105.01000213623047,112.45999908447266,6112700,0,0
2021-01-14,112.5,115.27400207519531,110.37000274658203,114.62999725341797,3404600,0,0
2021-01-15,113.12000274658203,113.7699966430664,107.33000183105469,108.11000061035156,3102700,0,0
2021-01-19,104.0199966430664,108.94000244140625,104.0,107.31999969482422,2846100,0,0
2021-01-20,108.4800033569336,110.69999694824219,103.79000091552734,104.38999938964844,2044100,0,0
2021-01-21,104.98999786376953,107.33999633789062,103.33999633789062,105.0999984741211,1746800,0,0
2021-01-22,106.0,106.75,101.60299682617188,105.08000183105469,2498400,0,0
2021-01-25,106.9800033569336,111.51000213623047,102.33999633789062,102.48999786376953,3064800,0,0
2021-01-26,102.5,105.4800033569336,101.5999984741211,102.29000091552734,2578400,0,0
2021-01-27,100.4000015258789,112.52999877929688,97.80000305175781,103.98999786376953,6983300,0,0
2021-01-28,106.12999725341797,107.04000091552734,100.4800033569336,103.94999694824219,2767300,0,0
2021-01-29,104.0,106.29000091552734,98.66000366210938,101.81999969482422,3103900,0,0
2021-02-01,102.36000061035156,104.9530029296875,99.19999694824219,101.44000244140625,2840300,0,0
2021-02-02,103.0,104.19999694824219,98.0,101.76000213623047,2695600,0,0
2021-02-03,102.69999694824219,107.38999938964844,100.30000305175781,103.70999908447266,3421000,0,0
2021-02-04,106.0,107.7969970703125,103.12000274658203,106.83000183105469,2101100,0,0
2021-02-05,107.0,110.83999633789062,105.83000183105469,110.69999694824219,2074900,0,0
2021-02-08,111.5,112.52999877929688,107.5,107.76000213623047,2423800,0,0
2021-02-09,107.76000213623047,111.11000061035156,107.72000122070312,109.75,1369600,0,0
2021-02-10,111.0,111.6500015258789,105.76000213623047,107.08999633789062,1557200,0,0
2021-02-11,108.0,111.02999877929688,107.12999725341797,108.94000244140625,1461800,0,0
2021-02-12,109.88999938964844,119.62999725341797,108.61000061035156,118.69000244140625,4341000,0,0
2021-02-16,116.25,120.0,112.80000305175781,114.73999786376953,2144600,0,0
2021-02-17,114.5,114.83999633789062,107.02999877929688,110.48999786376953,2558400,0,0
2021-02-18,109.75,111.32599639892578,107.5999984741211,110.29000091552734,1680300,0,0
2021-02-19,112.58000183105469,116.3499984741211,111.54499816894531,113.94999694824219,1787600,0,0
2021-02-22,110.55000305175781,112.27999877929688,107.41999816894531,108.68000030517578,2450100,0,0
2021-02-23,103.08000183105469,109.81999969482422,95.3499984741211,109.77999877929688,4165300,0,0
2021-02-24,106.80999755859375,109.77999877929688,102.86000061035156,105.2300033569336,2998400,0,0
2021-02-25,105.20999908447266,109.36000061035156,100.51000213623047,101.55000305175781,2689700,0,0
2021-02-26,101.51000213623047,104.27400207519531,98.55999755859375,101.55999755859375,2754100,0,0
2021-03-01,104.30000305175781,105.1500015258789,101.5,104.80000305175781,1832500,0,0
2021-03-02,105.5,105.9800033569336,98.08999633789062,98.86000061035156,2668900,0,0
2021-03-03,98.27999877929688,99.4800033569336,88.90499877929688,91.56999969482422,4892300,0,0
2021-03-04,90.51000213623047,92.87000274658203,85.0,87.6500015258789,4171400,0,0
2021-03-05,88.0,88.3499984741211,75.13999938964844,82.87000274658203,5812800,0,0
2021-03-08,82.08000183105469,84.70999908447266,76.0,76.33000183105469,3610800,0,0
2021-03-09,80.31999969482422,81.9000015258789,77.91999816894531,80.43000030517578,3815100,0,0
2021-03-10,81.98999786376953,83.0,78.87000274658203,80.58999633789062,2769600,0,0
2021-03-11,84.36000061035156,87.5999984741211,81.80000305175781,87.2699966430664,3084600,0,0
2021-03-12,84.0,85.94999694824219,82.01000213623047,85.5999984741211,1949900,0,0
2021-03-15,86.1500015258789,86.66000366210938,83.98500061035156,86.55000305175781,1520500,0,0
2021-03-16,87.0,88.0999984741211,80.91000366210938,82.29000091552734,2417700,0,0
2021-03-17,80.19999694824219,83.19999694824219,79.58999633789062,81.5199966430664,2731000,0,0
2021-03-18,81.41000366210938,81.63999938964844,76.93900299072266,77.51000213623047,2856000,0,0
2021-03-19,78.5,82.55999755859375,78.3499984741211,82.52999877929688,3796600,0,0
2021-03-22,85.5,86.98999786376953,83.40799713134766,85.87999725341797,4108200,0,0
2021-03-23,84.33000183105469,87.72000122070312,83.94999694824219,84.69000244140625,3453500,0,0
2021-03-24,83.56999969482422,84.25,78.45999908447266,79.0,4795400,0,0
2021-03-25,77.58999633789062,80.63999938964844,76.23799896240234,79.04000091552734,3188300,0,0
2021-03-26,79.43000030517578,80.83999633789062,76.63300323486328,78.66000366210938,2925300,0,0
2021-03-29,79.33999633789062,80.41899871826172,76.75900268554688,78.8499984741211,2954900,0,0
2021-03-30,77.18000030517578,81.66999816894531,76.5999984741211,80.37999725341797,7157000,0,0
2021-03-31,92.0,92.5199966430664,84.70999908447266,84.70999908447266,22419900,0,0
2021-04-01,86.43000030517578,87.2699966430664,81.6500015258789,82.70999908447266,6199100,0,0
2021-04-05,82.91999816894531,83.41699981689453,78.86000061035156,80.8499984741211,5152300,0,0
2021-04-06,81.23999786376953,83.48999786376953,80.95999908447266,82.55000305175781,3073600,0,0
2021-04-07,82.3499984741211,83.12000274658203,81.05999755859375,81.8499984741211,2369400,0,0
2021-04-08,82.81999969482422,83.19999694824219,80.70999908447266,81.81999969482422,2914200,0,0
2021-04-09,81.31999969482422,84.91999816894531,80.4800033569336,84.0999984741211,4599400,0,0
2021-04-12,83.5,86.29000091552734,82.55000305175781,84.04000091552734,3692500,0,0
2021-04-13,82.80000305175781,87.7300033569336,82.56999969482422,87.37999725341797,5822900,0,0
2021-04-14,87.69999694824219,87.8499984741211,84.62000274658203,85.55999755859375,3776500,0,0
2021-04-15,86.27999877929688,87.83000183105469,85.41899871826172,86.5999984741211,2398300,0,0
2021-04-16,86.7300033569336,86.94999694824219,82.55000305175781,84.1500015258789,5419900,0,0
2021-04-19,83.81999969482422,84.23999786376953,78.93000030517578,78.9800033569336,4472500,0,0
2021-04-20,80.0,80.30000305175781,76.0999984741211,77.0,4017800,0,0
2021-04-21,76.62000274658203,80.3499984741211,76.05000305175781,80.23999786376953,4927100,0,0
2021-04-22,80.20999908447266,82.55000305175781,79.56999969482422,79.5999984741211,2616800,0,0
2021-04-23,80.26000213623047,80.70999908447266,78.47000122070312,80.58999633789062,2935700,0,0
2021-04-26,80.95999908447266,82.79000091552734,79.87999725341797,82.62000274658203,2220100,0,0
2021-04-27,83.5,84.36000061035156,82.5,82.68000030517578,1611700,0,0
2021-04-28,82.5,83.06199645996094,80.87999725341797,81.88999938964844,1586200,0,0
2021-04-29,81.37000274658203,82.21600341796875,79.91000366210938,81.44999694824219,2896900,0,0
2021-04-30,81.12000274658203,81.95999908447266,79.37000274658203,79.72000122070312,3155700,0,0
2021-05-03,80.2300033569336,81.43000030517578,79.26000213623047,80.6500015258789,3946900,0,0
2021-05-04,79.7300033569336,79.9000015258789,75.69999694824219,77.33999633789062,3476300,0,0
2021-05-05,77.5199966430664,78.95999908447266,74.08000183105469,74.43000030517578,3356900,0,0
2021-05-06,73.1500015258789,73.75,70.12000274658203,71.51000213623047,4287100,0,0
2021-05-07,73.31999969482422,74.4000015258789,70.16999816894531,71.0,3290400,0,0
2021-05-10,70.30000305175781,70.45999908447266,67.41000366210938,67.83000183105469,4063400,0,0
2021-05-11,66.7300033569336,71.77999877929688,65.75,71.41999816894531,4227900,0,0
2021-05-12,69.4000015258789,70.45999908447266,67.22000122070312,68.0,3511800,0,0
2021-05-13,68.16999816894531,68.68000030517578,64.08000183105469,65.68000030517578,3938300,0,0
2021-05-14,66.16000366210938,68.9800033569336,65.83000183105469,67.75,3047000,0,0
2021-05-17,68.05000305175781,70.4000015258789,67.08999633789062,70.20999908447266,3150700,0,0
2021-05-18,70.83000183105469,72.41000366210938,70.12000274658203,70.41999816894531,3002200,0,0
2021-05-19,69.0199966430664,71.22000122070312,68.05000305175781,70.58999633789062,1880800,0,0
2021-05-20,71.23999786376953,71.58999633789062,69.58999633789062,69.5999984741211,3566500,0,0
2021-05-21,69.27999877929688,70.04000091552734,67.68000030517578,67.76000213623047,3879000,0,0
2021-05-24,68.55000305175781,72.77999877929688,67.9000015258789,71.70999908447266,3286500,0,0
2021-05-25,72.08999633789062,73.8499984741211,72.08999633789062,72.93000030517578,3053500,0,0
2021-05-26,73.83000183105469,76.0999984741211,73.4000015258789,73.95999908447266,3478000,0,0
2021-05-27,73.76000213623047,75.75,73.06999969482422,75.27999877929688,2425000,0,0
2021-05-28,75.2699966430664,75.86000061035156,73.30000305175781,73.62000274658203,2108100,0,0
2021-06-01,74.7300033569336,74.86000061035156,73.06999969482422,73.52999877929688,1835300,0,0
2021-06-02,73.2300033569336,78.0,72.46099853515625,77.5199966430664,4532900,0,0
2021-06-03,76.23999786376953,77.37000274658203,73.91000366210938,75.12999725341797,4049100,0,0
2021-06-04,75.70999908447266,77.22799682617188,75.20999908447266,75.20999908447266,2392700,0,0
2021-06-07,75.61199951171875,79.0,74.98999786376953,78.55999755859375,3370800,0,0
2021-06-08,79.0999984741211,79.86799621582031,77.52999877929688,79.47000122070312,3204000,0,0
2021-06-09,80.41000366210938,80.9800033569336,77.5199966430664,77.7699966430664,2782400,0,0
2021-06-10,78.19000244140625,80.3479995727539,77.62000274658203,79.3499984741211,9820900,0,0
2021-06-11,76.91000366210938,78.51000213623047,74.58000183105469,74.73999786376953,11398500,0,0
2021-06-14,74.26000213623047,75.55000305175781,73.6500015258789,75.06999969482422,5310900,0,0
2021-06-15,75.6500015258789,76.125,73.62000274658203,73.9000015258789,4363600,0,0
2021-06-16,74.04000091552734,77.27999877929688,73.68000030517578,77.19999694824219,4306000,0,0
2021-06-17,76.88999938964844,78.5199966430664,76.0780029296875,77.66999816894531,3334500,0,0
2021-06-18,78.5,78.80000305175781,76.97000122070312,78.5,3941800,0,0
2021-06-21,78.25,79.43000030517578,76.68000030517578,77.8499984741211,4068300,0,0
2021-06-22,77.58999633789062,77.75,76.3499984741211,77.22000122070312,4345200,0,0
2021-06-23,78.04000091552734,79.5199966430664,78.04000091552734,78.8499984741211,3426600,0,0
2021-06-24,79.11000061035156,81.5999984741211,79.05999755859375,80.62000274658203,5020600,0,0
2021-06-25,81.0,82.02999877929688,79.7699966430664,80.3499984741211,3531300,0,0
2021-06-28,81.36000061035156,83.8499984741211,80.19200134277344,83.0,4844100,0,0
2021-06-29,83.44999694824219,83.94000244140625,81.51000213623047,81.87999725341797,3098200,0,0
2021-06-30,81.29000091552734,81.66999816894531,79.70999908447266,79.70999908447266,2863800,0,0
2021-07-01,80.3499984741211,80.9000015258789,78.55000305175781,80.63999938964844,2710400,0,0
2021-07-02,80.51000213623047,81.44999694824219,79.4800033569336,80.55000305175781,3095800,0,0
2021-07-06,80.9000015258789,84.43000030517578,80.9000015258789,84.41999816894531,3945400,0,0
2021-07-07,84.4800033569336,85.3290023803711,82.11000061035156,83.63999938964844,3022700,0,0
2021-07-08,80.0999984741211,81.69999694824219,76.61000061035156,81.23999786376953,5573100,0,0
2021-07-09,80.73999786376953,85.61000061035156,80.6500015258789,85.56999969482422,3884100,0,0
2021-07-12,86.0,87.16999816894531,83.38500213623047,84.3499984741211,2311700,0,0
2021-07-13,84.0,86.08999633789062,83.26100158691406,84.22000122070312,2094100,0,0
2021-07-14,84.33000183105469,84.75,78.83999633789062,78.91000366210938,2904500,0,0
2021-07-15,80.08000183105469,80.08000183105469,75.91000366210938,77.48999786376953,2876300,0,0
2021-07-16,78.47799682617188,78.97000122070312,76.30999755859375,76.9800033569336,2004100,0,0
2021-07-19,75.81999969482422,82.62000274658203,75.12999725341797,82.23999786376953,5409100,0,0
2021-07-20,82.30999755859375,83.16000366210938,81.02999877929688,82.69999694824219,2650600,0,0
2021-07-21,82.7300033569336,83.9800033569336,82.33999633789062,83.19999694824219,1708800,0,0
2021-07-22,83.44999694824219,84.79000091552734,82.61000061035156,84.66999816894531,1785800,0,0
2021-07-23,84.18000030517578,87.26499938964844,83.37999725341797,86.73999786376953,2826000,0,0
2021-07-26,86.18000030517578,90.23999786376953,85.7699966430664,86.3499984741211,3159300,0,0
2021-07-27,85.95999908447266,86.47000122070312,82.55000305175781,85.3499984741211,2268600,0,0
2021-07-28,87.1500015258789,89.47000122070312,85.4800033569336,89.43000030517578,2367100,0,0
2021-07-29,88.43000030517578,90.18000030517578,86.55999755859375,86.66999816894531,1821700,0,0
2021-07-30,85.22000122070312,86.30999755859375,83.41999816894531,83.69999694824219,2556000,0,0
2021-08-02,83.87999725341797,86.30000305175781,81.5,85.37999725341797,2061700,0,0
2021-08-03,85.47000122070312,87.20999908447266,84.62999725341797,86.75,1301700,0,0
2021-08-04,86.58000183105469,90.75,86.58000183105469,90.04000091552734,2832900,0,0
2021-08-05,89.80000305175781,92.0,88.9000015258789,91.94000244140625,2226500,0,0
2021-08-06,91.93000030517578,92.47000122070312,88.43000030517578,89.22000122070312,2447300,0,0
2021-08-09,88.80000305175781,91.4800033569336,88.41000366210938,91.13999938964844,1799000,0,0
2021-08-10,91.4800033569336,91.91000366210938,89.55000305175781,90.7300033569336,1295900,0,0
2021-08-11,90.37000274658203,94.31999969482422,90.23999786376953,91.33999633789062,2233300,0,0
2021-08-12,91.55999755859375,95.27999877929688,91.26000213623047,95.08000183105469,2283000,0,0
2021-08-13,95.19999694824219,97.73999786376953,94.87000274658203,95.69999694824219,2655200,0,0
2021-08-16,94.5,94.9800033569336,90.5199966430664,91.77999877929688,1722400,0,0
2021-08-17,91.72000122070312,93.33000183105469,90.66999816894531,92.58999633789062,1628000,0,0
2021-08-18,93.18000030517578,94.25,91.06999969482422,91.06999969482422,1221100,0,0
2021-08-19,90.25,91.25,89.3550033569336,89.69999694824219,986700,0,0
2021-08-20,89.58000183105469,89.91999816894531,86.26000213623047,86.5199966430664,2372300,0,0
2021-08-23,86.77999877929688,89.22000122070312,86.5999984741211,88.33000183105469,1434900,0,0
2021-08-24,88.62000274658203,92.29000091552734,88.52999877929688,92.0999984741211,1566600,0,0
2021-08-25,92.0999984741211,92.76000213623047,90.75,92.20999908447266,996300,0,0
2021-08-26,92.31999969482422,92.40499877929688,88.47000122070312,89.55000305175781,1807200,0,0
2021-08-27,90.0,91.22000122070312,88.06999969482422,88.11000061035156,1476700,0,0
2021-08-30,88.98999786376953,91.3499984741211,88.2699966430664,90.0999984741211,1707900,0,0
2021-08-31,90.2699966430664,91.12000274658203,87.91999816894531,88.12000274658203,2511200,0,0
2021-09-01,88.29000091552734,89.04900360107422,86.5999984741211,87.43000030517578,7514400,0,0
2021-09-02,79.27999877929688,81.37000274658203,78.5,79.30999755859375,19017800,0,0
2021-09-03,79.2300033569336,79.9800033569336,76.55000305175781,76.75,6559500,0,0
2021-09-07,76.75,77.29000091552734,75.15899658203125,75.81999969482422,4494500,0,0
2021-09-08,75.62999725341797,76.4000015258789,73.9000015258789,75.94999694824219,3181800,0,0
2021-09-09,75.98999786376953,76.88999938964844,75.53700256347656,76.5999984741211,2386900,0,0
2021-09-10,76.98999786376953,77.9000015258789,74.68000030517578,74.98999786376953,2696600,0,0
2021-09-13,74.7300033569336,74.87899780273438,71.93000030517578,73.63999938964844,3005800,0,0
2021-09-14,73.91000366210938,74.1500015258789,71.75,72.22000122070312,1771700,0,0
2021-09-15,72.33999633789062,73.7699966430664,71.70999908447266,73.6500015258789,2446400,0,0
2021-09-16,73.16000366210938,75.05999755859375,73.04000091552734,74.91999816894531,2221200,0,0
2021-09-17,75.44999694824219,76.3239974975586,74.90499877929688,75.62000274658203,2548300,0,0
2021-09-20,74.29000091552734,75.88999938964844,74.0,75.62999725341797,2119400,0,0
2021-09-21,75.38999938964844,76.47000122070312,74.30000305175781,75.1500015258789,1680500,0,0
2021-09-22,74.81999969482422,75.88999938964844,73.55999755859375,73.83999633789062,2066200,0,0
2021-09-23,74.5199966430664,75.25,73.44000244140625,73.44999694824219,2115100,0,0
2021-09-24,72.80000305175781,72.80000305175781,68.68000030517578,69.83000183105469,5927000,0,0
2021-09-27,69.11000061035156,70.83999633789062,67.88999938964844,70.5,3692100,0,0
2021-09-28,70.2300033569336,71.63999938964844,68.30999755859375,69.63999938964844,3065800,0,0
2021-09-29,69.30000305175781,69.87000274658203,67.69999694824219,67.70999908447266,2986700,0,0
2021-09-30,68.51000213623047,69.08999633789062,67.58000183105469,68.11000061035156,2154300,0,0
2021-10-01,68.0,68.0,66.0999984741211,67.38999938964844,1735800,0,0
2021-10-04,67.12999725341797,67.26000213623047,63.41999816894531,64.2300033569336,4220300,0,0
2021-10-05,64.38999938964844,65.2699966430664,63.630001068115234,63.959999084472656,2559600,0,0
2021-10-06,63.470001220703125,65.51399993896484,63.470001220703125,64.54000091552734,2272000,0,0
2021-10-07,65.0,66.51499938964844,64.6500015258789,64.79000091552734,2814300,0,0
2021-10-08,64.79000091552734,65.01000213623047,62.06999969482422,62.599998474121094,4843600,0,0
2021-10-11,62.31999969482422,62.650001525878906,61.400001525878906,61.459999084472656,3067400,0,0
2021-10-12,61.72999954223633,63.560001373291016,60.45000076293945,62.869998931884766,4674800,0,0
2021-10-13,62.95000076293945,63.39500045776367,61.310001373291016,62.72999954223633,2933300,0,0
2021-10-14,63.4900016784668,63.869998931884766,62.369998931884766,62.61000061035156,3355900,0,0
2021-10-15,62.77000045776367,64.08999633789062,61.900001525878906,63.529998779296875,2879200,0,0
2021-10-18,63.779998779296875,65.95999908447266,62.75,65.91000366210938,4079800,0,0
2021-10-19,65.87000274658203,67.02999877929688,64.76000213623047,66.33999633789062,3170100,0,0
2021-10-20,67.0,67.0999984741211,65.4000015258789,65.9000015258789,2031800,0,0
2021-10-21,65.9000015258789,66.61000061035156,65.38999938964844,65.5,2093700,0,0
2021-10-22,65.30000305175781,66.22000122070312,64.91999816894531,65.47000122070312,2002200,0,0
2021-10-25,64.9800033569336,68.19999694824219,64.80999755859375,67.94999694824219,2953600,0,0
2021-10-26,68.19999694824219,69.94000244140625,67.50599670410156,67.98999786376953,5345400,0,0
2021-10-27,68.11000061035156,69.88999938964844,67.01000213623047,67.29000091552734,2405200,0,0
2021-10-28,67.29000091552734,74.7300033569336,66.91999816894531,72.62999725341797,7486000,0,0
2021-10-29,71.70999908447266,76.3499984741211,71.02999877929688,75.80000305175781,4983700,0,0
2021-11-01,75.80000305175781,77.16999816894531,74.2300033569336,74.70999908447266,2935500,0,0
2021-11-02,74.91000366210938,74.91000366210938,72.62999725341797,73.38999938964844,2217500,0,0
2021-11-03,73.80000305175781,74.43000030517578,72.70999908447266,73.16000366210938,3347200,0,0
2021-11-04,73.1500015258789,80.57499694824219,73.0999984741211,79.62000274658203,6206300,0,0
2021-11-05,78.3499984741211,79.16000366210938,73.91999816894531,74.4000015258789,3867800,0,0
2021-11-08,74.48999786376953,76.54000091552734,74.48999786376953,75.58000183105469,2793900,0,0
2021-11-09,76.0999984741211,77.44000244140625,75.4000015258789,76.62000274658203,2186300,0,0
2021-11-10,76.05000305175781,76.05500030517578,71.52999877929688,72.1500015258789,3012900,0,0
2021-11-11,73.25,73.80000305175781,71.16999816894531,71.30000305175781,2624700,0,0
2021-11-12,71.80999755859375,77.08000183105469,70.8499984741211,76.91000366210938,3432300,0,0
2021-11-15,77.02999877929688,77.58999633789062,74.4010009765625,74.76000213623047,2107300,0,0
2021-11-16,74.25,76.58000183105469,73.87999725341797,75.9800033569336,2147200,0,0
2021-11-17,75.55000305175781,76.19999694824219,73.2699966430664,73.3499984741211,2804000,0,0
2021-11-18,73.0,74.55000305175781,72.66000366210938,72.91999816894531,2165800,0,0
2021-11-19,73.5999984741211,75.68000030517578,72.9000015258789,72.91999816894531,2731100,0,0
2021-11-22,72.5,73.11799621582031,65.56999969482422,66.04000091552734,5079600,0,0
2021-11-23,65.5999984741211,65.5999984741211,62.279998779296875,64.52999877929688,4083400,0,0
2021-11-24,64.16999816894531,67.39099884033203,63.630001068115234,67.0999984741211,3128300,0,0
2021-11-26,69.36000061035156,70.05000305175781,67.5999984741211,69.38999938964844,2726400,0,0
2021-11-29,68.5,69.4800033569336,66.20999908447266,68.66000366210938,3008000,0,0
2021-11-30,68.69999694824219,69.08999633789062,65.8499984741211,68.26000213623047,4887700,0,0
2021-12-01,68.62000274658203,69.37999725341797,65.31999969482422,66.5,6923000,0,0
2021-12-02,64.94999694824219,66.3499984741211,62.81999969482422,66.0,4534800,0,0
2021-12-03,65.16000366210938,66.4000015258789,60.25,62.689998626708984,5996600,0,0
2021-12-06,59.0099983215332,60.65999984741211,57.52000045776367,59.540000915527344,6599900,0,0
2021-12-07,60.93000030517578,62.540000915527344,60.310001373291016,60.77000045776367,4256200,0,0
2021-12-08,60.79999923706055,61.2400016784668,58.52000045776367,60.099998474121094,4404500,0,0
2021-12-09,60.310001373291016,60.4010009765625,55.95000076293945,56.29999923706055,9763400,0,0
2021-12-10,50.29999923706055,53.43000030517578,50.04999923706055,51.7599983215332,17830900,0,0
2021-12-13,51.439998626708984,55.369998931884766,51.43000030517578,55.2599983215332,8007100,0,0
2021-12-14,54.630001068115234,56.220001220703125,53.52000045776367,54.869998931884766,5989900,0,0
2021-12-15,54.65999984741211,56.9900016784668,52.86000061035156,56.369998931884766,6101200,0,0
2021-12-16,56.25,56.619998931884766,52.52000045776367,53.400001525878906,5554400,0,0
2021-12-17,52.81999969482422,54.9900016784668,51.599998474121094,54.7599983215332,4499200,0,0
2021-12-20,53.97999954223633,57.04199981689453,53.30699920654297,56.52000045776367,5283400,0,0
2021-12-21,57.36000061035156,57.65999984741211,54.45000076293945,55.220001220703125,3624600,0,0
2021-12-22,55.029998779296875,56.43000030517578,53.939998626708984,55.7599983215332,3180600,0,0
2021-12-23,56.689998626708984,60.11000061035156,56.5,59.2599983215332,4918000,0,0
2021-12-27,58.68000030517578,60.790000915527344,58.22999954223633,60.27000045776367,2277100,0,0
2021-12-28,60.38999938964844,61.470001220703125,59.91999816894531,60.0,2371900,0,0
2021-12-29,59.709999084472656,59.709999084472656,57.06999969482422,57.810001373291016,2566200,0,0
2021-12-30,58.2400016784668,60.33000183105469,57.59000015258789,59.43000030517578,2233900,0,0
2021-12-31,59.439998626708984,61.20000076293945,58.900001525878906,58.970001220703125,2578800,0,0
2022-01-03,59.38999938964844,60.5099983215332,57.2599983215332,57.47999954223633,3126000,0,0
2022-01-04,57.39500045776367,57.39500045776367,52.869998931884766,54.400001525878906,4496400,0,0
2022-01-05,53.83000183105469,55.20000076293945,51.529998779296875,52.0099983215332,3554100,0,0
2022-01-06,51.560001373291016,54.279998779296875,50.04999923706055,52.88999938964844,3174800,0,0
2022-01-07,50.790000915527344,51.25,48.029998779296875,48.52000045776367,8171900,0,0
2022-01-10,47.95000076293945,49.91999816894531,46.45000076293945,49.90999984741211,4190500,0,0
2022-01-11,49.15999984741211,51.9900016784668,49.02000045776367,50.93000030517578,2635500,0,0
2022-01-12,50.900001525878906,51.88999938964844,48.189998626708984,48.58000183105469,3204800,0,0
2022-01-13,49.36000061035156,49.36000061035156,46.029998779296875,46.09000015258789,3598500,0,0
2022-01-14,45.689998626708984,46.4900016784668,43.119998931884766,44.86000061035156,5343800,0,0
2022-01-18,43.560001373291016,46.2599983215332,42.97999954223633,43.25,5615500,0,0
2022-01-19,43.0,44.20000076293945,41.91999816894531,42.189998626708984,3258600,0,0
2022-01-20,42.66999816894531,44.209999084472656,40.619998931884766,40.68000030517578,3944400,0,0
2022-01-21,40.0,40.4900016784668,37.68000030517578,38.04999923706055,5377000,0,0
2022-01-24,37.02000045776367,43.29999923706055,36.70000076293945,43.27000045776367,11428200,0,0
2022-01-25,42.119998931884766,44.29999923706055,41.709999084472656,42.439998626708984,8506700,0,0
2022-01-26,43.630001068115234,45.86000061035156,42.150001525878906,43.439998626708984,6788500,0,0
2022-01-27,43.099998474121094,44.869998931884766,42.47999954223633,42.709999084472656,5383500,0,0
2022-01-28,43.689998626708984,44.31999969482422,41.3489990234375,43.95000076293945,3711100,0,0
2022-01-31,44.4900016784668,47.7599983215332,44.40999984741211,47.61000061035156,4258900,0,0
2022-02-01,47.540000915527344,48.31999969482422,45.97999954223633,47.86000061035156,2914300,0,0
2022-02-02,47.810001373291016,48.025001525878906,43.81999969482422,43.95000076293945,4258300,0,0
2022-02-03,43.22999954223633,44.14799880981445,41.310001373291016,43.689998626708984,6128200,0,0
2022-02-04,44.970001220703125,50.5,44.650001525878906,49.290000915527344,7853500,0,0
2022-02-07,48.4900016784668,49.47999954223633,45.61000061035156,45.81999969482422,4915500,0,0
2022-02-08,45.900001525878906,47.2400016784668,44.61000061035156,46.97999954223633,2780300,0,0
2022-02-09,47.72999954223633,52.29999923706055,47.689998626708984,52.25,8222200,0,0
2022-02-10,50.7400016784668,53.900001525878906,50.63999938964844,52.41999816894531,5918900,0,0
2022-02-11,52.209999084472656,53.150001525878906,50.779998779296875,52.099998474121094,3761900,0,0
2022-02-14,51.5,53.849998474121094,50.959999084472656,52.630001068115234,3698400,0,0
2022-02-15,52.65999984741211,54.07600021362305,51.90999984741211,54.0,3383800,0,0
2022-02-16,54.06999969482422,54.189998626708984,48.869998931884766,49.560001373291016,5362800,0,0
2022-02-17,49.310001373291016,50.29999923706055,45.529998779296875,45.65999984741211,3085000,0,0
2022-02-18,45.810001373291016,47.09000015258789,43.88999938964844,44.16999816894531,4601000,0,0
2022-02-22,43.849998474121094,44.90999984741211,41.540000915527344,41.58000183105469,3678300,0,0
2022-02-23,41.79999923706055,42.220001220703125,38.43000030517578,38.439998626708984,2913600,0,0
2022-02-24,36.77000045776367,41.09000015258789,36.689998626708984,40.59000015258789,5983000,0,0
2022-02-25,41.5,42.22999954223633,38.91699981689453,42.16999816894531,3301000,0,0
2022-02-28,42.529998779296875,47.4900016784668,42.11000061035156,47.13999938964844,7101600,0,0
2022-03-01,46.619998931884766,48.0,45.70000076293945,46.90999984741211,4273500,0,0
2022-03-02,46.79999923706055,46.90999984741211,43.81999969482422,45.11000061035156,3764300,0,0
2022-03-03,45.0,45.65999984741211,43.130001068115234,43.9900016784668,2943900,0,0
2022-03-04,44.849998474121094,45.4900016784668,43.27000045776367,45.27000045776367,3631800,0,0
2022-03-07,45.43000030517578,47.119998931884766,42.790000915527344,42.83000183105469,2783600,0,0
2022-03-08,42.27000045776367,43.58000183105469,39.349998474121094,42.040000915527344,3947000,0,0
2022-03-09,42.63999938964844,43.86000061035156,41.19499969482422,41.650001525878906,3216200,0,0
2022-03-10,41.56999969482422,41.56999969482422,37.724998474121094,38.369998931884766,5315000,0,0
2022-03-11,39.630001068115234,40.04999923706055,38.29999923706055,39.2400016784668,3812300,0,0
2022-03-14,37.959999084472656,39.15999984741211,36.61000061035156,36.869998931884766,3404500,0,0
2022-03-15,36.2599983215332,37.5,35.59000015258789,37.220001220703125,3761000,0,0
2022-03-16,37.65999984741211,41.209999084472656,37.65999984741211,41.189998626708984,4795100,0,0
2022-03-17,40.47999954223633,42.31999969482422,40.0,42.2400016784668,2728400,0,0
2022-03-18,41.529998779296875,44.52000045776367,41.45800018310547,44.209999084472656,2692900,0,0
2022-03-21,43.619998931884766,44.03300094604492,40.61000061035156,41.279998779296875,3803200,0,0
2022-03-22,41.56999969482422,46.18000030517578,41.459999084472656,45.41999816894531,4625300,0,0
2022-03-23,44.68000030517578,49.76499938964844,44.2599983215332,46.150001525878906,5649900,0,0
2022-03-24,46.0,47.22999954223633,43.15999984741211,45.900001525878906,4191800,0,0
2022-03-25,45.599998474121094,46.6349983215332,43.52000045776367,45.7599983215332,3470100,0,0
2022-03-28,46.619998931884766,49.40999984741211,46.099998474121094,48.79999923706055,4306900,0,0
2022-03-29,52.18000030517578,52.38999938964844,48.43000030517578,51.0,9681100,0,0
2022-03-30,43.900001525878906,45.290000915527344,41.79999923706055,42.790000915527344,22791000,0,0
2022-03-31,42.5,42.970001220703125,40.75,40.779998779296875,8112600,0,0
2022-04-01,41.209999084472656,42.20000076293945,39.86000061035156,40.93000030517578,6063500,0,0
2022-04-04,41.4900016784668,46.34000015258789,40.42100143432617,45.81999969482422,7622300,0,0
2022-04-05,45.9900016784668,47.13999938964844,43.880001068115234,44.2400016784668,4432600,0,0
2022-04-06,43.040000915527344,43.529998779296875,40.040000915527344,42.279998779296875,6828900,0,0
2022-04-07,42.0099983215332,43.79999923706055,41.56999969482422,43.59000015258789,4254500,0,0
2022-04-08,43.029998779296875,44.439998626708984,42.29999923706055,43.189998626708984,3218100,0,0
2022-04-11,42.41999816894531,44.0,41.61000061035156,43.27000045776367,2519600,0,0
2022-04-12,43.83000183105469,45.62900161743164,43.22999954223633,43.29999923706055,2952400,0,0
2022-04-13,43.0,43.790000915527344,41.834999084472656,43.099998474121094,6309600,0,0
2022-04-14,42.79999923706055,42.900001525878906,39.349998474121094,39.93000030517578,6375300,0,0
2022-04-18,40.29999923706055,40.38999938964844,38.2599983215332,39.68000030517578,3367300,0,0
2022-04-19,39.630001068115234,42.66999816894531,39.27000045776367,42.38999938964844,3919000,0,0
2022-04-20,42.459999084472656,42.459999084472656,39.560001373291016,39.61000061035156,3089900,0,0
2022-04-21,39.310001373291016,40.060001373291016,36.630001068115234,37.130001068115234,4624100,0,0
2022-04-22,37.22999954223633,37.95000076293945,34.47999954223633,34.619998931884766,4747400,0,0
2022-04-25,34.18000030517578,35.20000076293945,33.34000015258789,34.65999984741211,4178700,0,0
2022-04-26,34.56999969482422,34.650001525878906,31.18000030517578,31.420000076293945,5910600,0,0
2022-04-27,31.329999923706055,31.809999465942383,30.190000534057617,30.81999969482422,4913700,0,0
2022-04-28,30.579999923706055,32.84000015258789,29.049999237060547,32.2599983215332,5621500,0,0
2022-04-29,31.420000076293945,32.303001403808594,28.834999084472656,29.059999465942383,6451600,0,0
2022-05-02,28.600000381469727,30.5,28.200000762939453,30.3700008392334,5477300,0,0
2022-05-03,30.030000686645508,31.010000228881836,29.579999923706055,30.299999237060547,3741600,0,0
2022-05-04,29.690000534057617,32.66999816894531,28.84000015258789,32.5099983215332,4853600,0,0
2022-05-05,31.200000762939453,31.209999084472656,28.600000381469727,28.979999542236328,5757000,0,0
2022-05-06,28.889999389648438,29.18000030517578,26.34000015258789,27.399999618530273,5263200,0,0
2022-05-09,26.65999984741211,27.899999618530273,26.079999923706055,26.329999923706055,5293100,0,0
2022-05-10,26.68000030517578,27.850000381469727,25.44499969482422,26.940000534057617,5795500,0,0
2022-05-11,26.649999618530273,27.479999542236328,23.350000381469727,23.670000076293945,6050100,0,0
2022-05-12,23.229999542236328,27.850000381469727,22.68000030517578,26.0,7989300,0,0
2022-05-13,27.25,28.520000457763672,26.860000610351562,27.969999313354492,4128700,0,0
2022-05-16,27.8700008392334,28.549999237060547,26.440000534057617,26.56999969482422,3019900,0,0
2022-05-17,27.239999771118164,27.940000534057617,25.889999389648438,27.649999618530273,4135100,0,0
2022-05-18,26.860000610351562,27.079999923706055,24.091999053955078,24.290000915527344,4751900,0,0
2022-05-19,24.190000534057617,25.709999084472656,23.5,24.969999313354492,3476900,0,0
2022-05-20,25.56999969482422,25.68000030517578,23.558000564575195,24.469999313354492,4063700,0,0
2022-05-23,24.280000686645508,25.059999465942383,23.860000610351562,24.899999618530273,3309500,0,0
2022-05-24,24.229999542236328,24.25,22.219999313354492,23.309999465942383,5249400,0,0
2022-05-25,22.65999984741211,25.030000686645508,22.649999618530273,24.190000534057617,5582200,0,0
2022-05-26,24.100000381469727,26.1299991607666,24.059999465942383,25.540000915527344,3684400,0,0
2022-05-27,25.31999969482422,27.155000686645508,25.31999969482422,27.110000610351562,4443700,0,0
2022-05-31,27.760000228881836,27.920000076293945,24.760000228881836,24.799999237060547,8458500,0,0
2022-06-01,24.889999389648438,25.510000228881836,22.959999084472656,23.489999771118164,16075900,0,0
2022-06-02,27.09000015258789,29.469999313354492,25.799999237060547,29.18000030517578,48989100,0,0
2022-06-03,28.469999313354492,29.790000915527344,27.920000076293945,28.799999237060547,12193500,0,0
2022-06-06,29.6299991607666,30.110000610351562,27.309999465942383,27.760000228881836,6915200,0,0
2022-06-07,27.770000457763672,28.989999771118164,27.225000381469727,28.6200008392334,4981800,0,0
2022-06-08,28.6200008392334,29.540000915527344,28.540000915527344,28.989999771118164,4258600,0,0
2022-06-09,30.479999542236328,31.719999313354492,29.489999771118164,29.75,11451300,0,0
2022-06-10,28.829999923706055,30.09000015258789,28.40999984741211,28.719999313354492,6441400,0,0
2022-06-13,28.0,28.579999923706055,26.684999465942383,27.06999969482422,5917900,0,0
2022-06-14,26.829999923706055,27.979999542236328,26.469999313354492,27.049999237060547,4108300,0,0
2022-06-15,27.190000534057617,30.010000228881836,27.1299991607666,29.239999771118164,4968500,0,0
2022-06-16,28.84000015258789,29.020000457763672,27.795000076293945,28.43000030517578,5399000,0,0
2022-06-17,28.600000381469727,29.3799991607666,28.229999542236328,28.700000762939453,5351100,0,0
2022-06-21,31.139999389648438,33.13999938964844,30.610000610351562,31.850000381469727,7326200,0,0
2022-06-22,31.200000762939453,33.43000030517578,31.100000381469727,32.619998931884766,6151800,0,0
2022-06-23,33.0,36.68000030517578,33.0,36.650001525878906,7286600,0,0
2022-06-24,37.18000030517578,38.36000061035156,36.150001525878906,38.15999984741211,7257800,0,0
2022-06-27,40.0,40.400001525878906,37.08000183105469,38.13999938964844,8547700,0,0
2022-06-28,37.88999938964844,38.698001861572266,35.2400016784668,35.2400016784668,5706900,0,0
2022-06-29,35.0099983215332,35.79999923706055,34.36000061035156,35.34000015258789,4406600,0,0
2022-06-30,34.880001068115234,35.845001220703125,34.02399826049805,34.720001220703125,4911600,0,0
2022-07-01,35.15999984741211,37.20000076293945,34.63999938964844,37.189998626708984,5051700,0,0
2022-07-05,37.0,41.029998779296875,36.599998474121094,40.540000915527344,6232200,0,0
2022-07-06,40.31999969482422,41.099998474121094,38.81999969482422,39.83000183105469,4744500,0,0
2022-07-07,39.5,43.06999969482422,39.5,42.41999816894531,5015200,0,0
2022-07-08,41.4900016784668,45.5,40.7599983215332,44.130001068115234,8005600,0,0
2022-07-11,43.41999816894531,43.72999954223633,41.84000015258789,43.130001068115234,4457700,0,0
2022-07-12,43.439998626708984,44.25,40.95000076293945,42.66999816894531,5470200,0,0
2022-07-13,41.709999084472656,45.70000076293945,40.810001373291016,42.84000015258789,6537800,0,0
2022-07-14,42.790000915527344,43.41999816894531,41.16999816894531,41.849998474121094,5262000,0,0
2022-07-15,42.22999954223633,43.2400016784668,41.31999969482422,42.650001525878906,3676900,0,0
2022-07-18,43.38999938964844,44.86000061035156,42.64500045776367,42.97999954223633,4368900,0,0
2022-07-19,43.720001220703125,44.224998474121094,42.43000030517578,43.310001373291016,3993500,0,0
