Date,Open,High,Low,Close,Volume,Dividends,Stock Splits
2019-07-29,73.39005279541016,73.78926849365234,72.21204376220703,72.64398193359375,511880,0,0.0
2019-07-30,72.46727752685547,73.03665161132812,71.85209655761719,71.92408752441406,1136526,0,0.0
2019-07-31,71.71466064453125,72.26439666748047,69.7840347290039,70.17015838623047,1231568,0,0.0
2019-08-01,70.51046752929688,71.3481674194336,69.64659881591797,69.86911010742188,1466116,0,0.0
2019-08-02,68.78926849365234,68.78926849365234,65.77224731445312,67.12042236328125,2269538,0,0.0
2019-08-05,66.27617645263672,66.81282806396484,64.85601806640625,65.2159652709961,1728015,0,0.0
2019-08-06,65.31413269042969,65.8246078491211,63.99869155883789,64.51570892333984,1035678,0,0.0
2019-08-07,64.03795623779297,64.92800903320312,63.606021881103516,64.73822021484375,961570,0,0.0
2019-08-08,64.55497741699219,65.13743591308594,63.821990966796875,65.1047134399414,1132095,0,0.0
2019-08-09,64.8952865600586,65.02617645263672,63.606021881103516,63.952880859375,777905,0,0.0
2019-08-12,63.61256408691406,63.789268493652344,62.74214553833008,63.062828063964844,1120330,0,0.0
2019-08-13,63.03010559082031,64.50916290283203,63.03010559082031,63.606021881103516,793796,0,0.0
2019-08-14,63.01047134399414,63.2787971496582,61.642669677734375,62.28403091430664,1290243,0,0.0
2019-08-15,62.38874435424805,62.84031295776367,62.02225112915039,62.68324661254883,1054167,0,0.0
2019-08-16,62.84031295776367,64.06413269042969,62.56544494628906,63.82853317260742,802658,0,0.0
2019-08-19,64.35209655761719,64.35209655761719,62.02225112915039,63.62565231323242,691114,0,0.0
2019-08-20,63.48822021484375,63.48822021484375,62.67015838623047,62.859947204589844,1079226,0,0.0
2019-08-21,63.23298263549805,63.42277526855469,62.26439666748047,62.51963424682617,1023913,0,0.0
2019-08-22,62.342933654785156,63.46858596801758,62.15968704223633,63.29188537597656,1019176,0,0.0
2019-08-23,63.26570510864258,64.30628204345703,63.00392532348633,63.40968704223633,1072809,0,0.0
2019-08-26,63.893978118896484,64.41754150390625,63.65837860107422,64.15576171875,1206356,0,0.0
2019-08-27,64.20811462402344,64.62696075439453,62.879581451416016,63.21989440917969,983268,0,0.0
2019-08-28,63.18062973022461,63.710731506347656,62.95811462402344,63.55366516113281,777141,0,0.0
2019-08-29,63.893978118896484,64.56151580810547,63.81544494628906,64.39790344238281,632745,0,0.0
2019-08-30,64.72512817382812,65.79188537597656,64.72512817382812,65.24214935302734,995645,0,0.0
2019-09-03,65.35340118408203,66.84555053710938,64.93455505371094,66.76046752929688,1606539,0,0.0
2019-09-04,67.40837860107422,68.52094268798828,66.89790344238281,68.3246078491211,1059515,0,0.0
2019-09-05,68.6322021484375,69.54843139648438,68.41622924804688,69.09031677246094,1372297,0,0.0
2019-09-06,69.50916290283203,69.52879333496094,68.81544494628906,69.03795623779297,1426999,0,0.0
2019-09-09,69.18848419189453,69.64005279541016,68.48167419433594,68.77617645263672,1067461,0,0.0
2019-09-10,68.547119140625,69.358642578125,68.03010559082031,69.30628204345703,907174,0,0.0
2019-09-11,69.26701354980469,70.63481903076172,68.8547134399414,70.01309204101562,840553,0,0.0
2019-09-12,69.92146301269531,70.66754150390625,69.28010559082031,69.358642578125,792574,0,0.0
2019-09-13,69.26046752929688,70.49738311767578,69.26046752929688,69.65313720703125,983574,0,0.0
2019-09-16,69.35209655761719,71.37434387207031,69.29973602294922,71.20418548583984,1059821,0,0.0
2019-09-17,71.0340347290039,71.84555053710938,69.52224731445312,69.5811538696289,804950,0,0.0
2019-09-18,69.64005279541016,70.11125946044922,68.79581451416016,69.46989440917969,820230,0,0.0
2019-09-19,69.61387634277344,69.6989517211914,68.55366516113281,68.88743591308594,760791,0,0.0
2019-09-20,69.20811462402344,70.32722473144531,68.93324279785156,69.14921569824219,1116051,0,0.0
2019-09-23,69.35209655761719,70.18978881835938,68.57984161376953,68.75,756360,0,0.0
2019-09-24,69.10994720458984,69.3782730102539,68.60601806640625,69.3717269897461,839025,0,0.0
2019-09-25,69.43062591552734,69.81675720214844,68.66492462158203,69.23429107666016,655359,0,0.0
2019-09-26,69.50916290283203,69.91492462158203,69.0510482788086,69.62696075439453,601574,0,0.0
2019-09-27,69.6989517211914,69.8952865600586,68.59293365478516,68.75654602050781,811368,0,0.0
2019-09-30,68.6452865600586,69.48298645019531,68.50131225585938,69.26701354980469,1189701,0,0.0
2019-10-01,69.28010559082031,69.98690795898438,68.3246078491211,68.8547134399414,891130,0,0.0
2019-10-02,68.87434387207031,68.87434387207031,66.93717193603516,67.40837860107422,945985,0,0.0
2019-10-03,67.33638763427734,67.46073150634766,66.15837860107422,66.94371795654297,1064405,0,0.0
2019-10-04,67.06806182861328,67.9188461303711,66.71466064453125,67.42800903320312,1084422,0,0.0
2019-10-07,66.85209655761719,67.57199096679688,66.23690795898438,67.15968322753906,960806,0,0.0
2019-10-08,66.79319763183594,67.00261688232422,65.6282730102539,65.64790344238281,969822,0,0.0
2019-10-09,65.71334838867188,66.0340347290039,64.64005279541016,64.92800903320312,1109022,0,0.0
2019-10-10,64.95418548583984,65.76570892333984,64.82984161376953,64.92800903320312,720758,0,0.0
2019-10-11,65.48429107666016,67.08769226074219,64.86911010742188,66.20418548583984,1134846,0,0.0
2019-10-14,66.32199096679688,66.32199096679688,65.58900451660156,66.00131225585938,690809,0,0.0
2019-10-15,66.0274887084961,66.53141021728516,65.49738311767578,65.66099548339844,805714,0,0.0
2019-10-16,65.60209655761719,65.7460708618164,64.03795623779297,64.15576171875,1482160,0,0.0
2019-10-17,64.11649322509766,66.58377075195312,63.8023567199707,66.34162139892578,1575521,0,0.0
2019-10-18,66.19110107421875,66.60340118408203,65.7460708618164,65.84423828125,562304,0,0.0
2019-10-21,66.10601806640625,67.54581451416016,65.96204376220703,66.57722473144531,1041638,0,0.0
2019-10-22,66.5706787109375,66.62303924560547,65.88350677490234,66.05366516113281,542287,0,0.0
2019-10-23,66.1322021484375,66.64266967773438,65.59555053710938,65.81151580810547,646955,0,0.0
2019-10-24,65.92277526855469,66.19764709472656,64.87565612792969,65.2225112915039,381694,0,0.0
2019-10-25,65.43848419189453,66.61649322509766,65.26177978515625,66.48560333251953,586294,0,0.0
2019-10-28,66.74738311767578,67.90576171875,66.66230773925781,67.6177978515625,587363,0,0.0
2019-10-29,67.702880859375,68.65837860107422,67.3952865600586,68.34423828125,600198,0,0.0
2019-10-30,68.37696075439453,68.47512817382812,67.31021118164062,67.89921569824219,436702,0,0.0
2019-10-31,68.03010559082031,68.14790344238281,66.81937408447266,67.34293365478516,629994,0,0.0
2019-11-01,67.73560333251953,68.50131225585938,67.73560333251953,68.14790344238281,489113,0,0.0
2019-11-04,68.40968322753906,68.55366516113281,67.73560333251953,68.21989440917969,500420,0,0.0
2019-11-05,68.65837860107422,69.28665161132812,68.40968322753906,68.61911010742188,535717,0,0.0
2019-11-06,68.66492462158203,69.77094268798828,68.26570892333984,69.4960708618164,556956,0,0.0
2019-11-07,69.65968322753906,69.79057312011719,68.89398193359375,69.36518096923828,451830,0,0.0
2019-11-08,69.29973602294922,69.96073150634766,69.01177978515625,69.76439666748047,591183,0,0.0
2019-11-11,69.48298645019531,69.94764709472656,68.48167419433594,69.93455505371094,560165,0,0.0
2019-11-12,69.76439666748047,70.0,69.00523376464844,69.14921569824219,834746,0,0.0
2019-11-13,68.98560333251953,69.75131225585938,68.68455505371094,69.70549774169922,656123,0,0.0
2019-11-14,69.59423828125,69.95418548583984,68.76309204101562,69.59423828125,532202,0,0.0
2019-11-15,69.6989517211914,69.80366516113281,69.33245849609375,69.60733032226562,439453,0,0.0
2019-11-18,69.4960708618164,69.75131225585938,68.92015838623047,69.41099548339844,398808,0,0.0
2019-11-19,69.84947967529297,69.84947967529297,68.90706634521484,69.18848419189453,492322,0,0.0
2019-11-20,68.99868774414062,69.29319763183594,68.18062591552734,68.55366516113281,1117732,0,0.0
2019-11-21,68.50785064697266,68.71073150634766,66.39398193359375,66.51177978515625,1134998,0,0.0
2019-11-22,72.2840347290039,73.29843139648438,64.1753921508789,65.38612365722656,3445793,0,0.0
2019-11-25,65.608642578125,69.35209655761719,65.608642578125,68.97905731201172,2114294,0,0.0
2019-11-26,68.81544494628906,69.80366516113281,68.25916290283203,68.61911010742188,1107036,0,0.0
2019-11-27,68.952880859375,69.84947967529297,68.43586730957031,68.79581451416016,1144014,0,0.0
2019-11-29,68.71073150634766,69.56806182861328,68.67146301269531,69.10994720458984,413018,0,0.0
2019-12-02,68.71073150634766,68.94633483886719,67.94502258300781,68.69110107421875,758499,0,0.0
2019-12-03,68.108642578125,68.93978881835938,67.76177978515625,68.73690795898438,674154,0,0.0
2019-12-04,68.56021118164062,70.20942687988281,68.35733032226562,70.202880859375,861792,0,0.0
2019-12-05,70.04581451416016,70.75261688232422,69.60733032226562,69.93455505371094,553136,0,0.0
2019-12-06,70.47120666503906,71.65576171875,70.24214935302734,71.3677978515625,897547,0,0.0
2019-12-09,71.36125946044922,71.64921569824219,70.48429107666016,70.49083709716797,647566,0,0.0
2019-12-10,70.19633483886719,70.85078430175781,70.03926849365234,70.2225112915039,777141,0,0.0
2019-12-11,70.18978881835938,70.63481903076172,69.63350677490234,69.66622924804688,504087,0,0.0
2019-12-12,69.64659881591797,70.64790344238281,69.4764404296875,69.72512817382812,529299,0,0.0
2019-12-13,69.6989517211914,70.202880859375,69.23429107666016,69.50916290283203,872946,0,0.0
2019-12-16,69.80366516113281,69.8822021484375,68.92015838623047,69.54188537597656,866987,0,0.0
2019-12-17,69.2735595703125,69.61387634277344,68.72382354736328,68.76309204101562,768584,0,0.0
2019-12-18,68.93978881835938,69.70549774169922,68.59947967529297,69.41754150390625,704408,0,0.0
2019-12-19,69.70549774169922,70.69371795654297,69.64005279541016,70.25523376464844,1006341,0,0.0
2019-12-20,70.58245849609375,71.19764709472656,70.0981674194336,70.8311538696289,2391626,0,0.0
2019-12-23,71.02094268798828,71.02094268798828,70.36649322509766,70.7264404296875,622660,0,0.0
2019-12-24,70.84423828125,71.02094268798828,70.47120666503906,70.7460708618164,144854,0,0.0
2019-12-26,70.75261688232422,71.0274887084961,70.41230773925781,70.67408752441406,358469,0,0.0
2019-12-27,70.77224731445312,71.86518096923828,70.56937408447266,71.43324279785156,462526,0,0.0
2019-12-30,71.3547134399414,71.64921569824219,70.96204376220703,71.3677978515625,394071,0,0.0
2019-12-31,70.96858978271484,71.8782730102539,70.90968322753906,71.40052032470703,698449,0,0.0
2020-01-02,71.49214935302734,72.21858978271484,70.7264404296875,71.25654602050781,696157,0,0.0
2020-01-03,70.8246078491211,71.90444946289062,70.47775268554688,71.57722473144531,1073420,0,0.0
2020-01-06,71.19764709472656,71.40052032470703,70.80497741699219,70.90968322753906,904423,0,0.0
2020-01-07,70.77224731445312,71.06675720214844,70.26177978515625,70.63481903076172,552372,0,0.0
2020-01-08,70.73298645019531,71.12565612792969,70.49083709716797,70.87042236328125,479792,0,0.0
2020-01-09,70.93586730957031,70.93586730957031,70.35994720458984,70.71989440917969,603713,0,0.0
2020-01-10,70.7460708618164,71.17800903320312,70.05889892578125,70.17015838623047,532508,0,0.0
2020-01-13,70.3206787109375,71.40706634521484,70.13743591308594,71.22382354736328,641913,0,0.0
2020-01-14,71.1518325805664,71.98298645019531,70.96858978271484,71.3677978515625,708381,0,0.0
2020-01-15,71.31544494628906,72.84686279296875,71.31544494628906,71.98953247070312,773932,0,0.0
2020-01-16,72.32329559326172,72.36911010742188,71.60994720458984,72.36911010742188,796546,0,0.0
2020-01-17,72.4803695678711,73.40313720703125,72.1989517211914,73.33769226074219,517075,0,0.0
2020-01-21,73.1217269897461,73.42277526855469,72.87303924560547,73.29843139648438,486668,0,0.0
2020-01-22,73.29843139648438,73.547119140625,71.81282806396484,72.0746078491211,654137,0,0.0
2020-01-23,72.34293365478516,72.6177978515625,71.3547134399414,72.15313720703125,706547,0,0.0
2020-01-24,72.67015838623047,72.95811462402344,71.49214935302734,71.51832580566406,609061,0,0.0
2020-01-27,70.66754150390625,71.19110107421875,70.24214935302734,70.26177978515625,595309,0,0.0
2020-01-28,70.3010482788086,70.5039291381836,69.3717269897461,69.38481903076172,745358,0,0.0
2020-01-29,69.44371795654297,69.44371795654297,68.54057312011719,68.92670440673828,549622,0,0.0
2020-01-30,68.60601806640625,69.6989517211914,68.56675720214844,69.60733032226562,521048,0,0.0
2020-01-31,69.3782730102539,70.44502258300781,68.37696075439453,68.43586730957031,826495,0,0.0
2020-02-03,68.84162139892578,69.60078430175781,68.35733032226562,68.57329559326172,762778,0,0.0
2020-02-04,69.09031677246094,69.2735595703125,68.40313720703125,68.4424057006836,702880,0,0.0
2020-02-05,68.82199096679688,69.29973602294922,68.46204376220703,68.7303695678711,609519,0,0.0
2020-02-06,68.63874053955078,69.12303924560547,68.41622924804688,68.94633483886719,878294,0,0.0
2020-02-07,66.7539291381836,69.10340118408203,65.51701354980469,66.76701354980469,2177706,0,0.0
2020-02-10,66.59031677246094,69.11649322509766,66.047119140625,68.80235290527344,1473909,0,0.0
2020-02-11,68.73690795898438,69.43717193603516,68.04319763183594,68.57984161376953,820842,0,0.0
2020-02-12,68.6518325805664,70.01309204101562,68.40313720703125,69.53533935546875,895408,0,0.0
2020-02-13,69.52224731445312,70.98822021484375,69.50261688232422,70.22905731201172,1017037,0,0.0
2020-02-14,70.11125946044922,70.3206787109375,69.60733032226562,69.88874053955078,640690,0,0.0
2020-02-18,69.87565612792969,70.23560333251953,69.14266967773438,69.75785064697266,799450,0,0.0
2020-02-19,69.79057312011719,70.18324279785156,69.10994720458984,69.82329559326172,765681,0,0.0
2020-02-20,69.39790344238281,70.11125946044922,68.75654602050781,69.31282806396484,1204675,0,0.0
2020-02-21,69.03795623779297,69.6793212890625,68.3311538696289,68.7303695678711,1769730,0,0.0
2020-02-24,67.21204376220703,68.20026397705078,66.50523376464844,67.86649322509766,1093742,0,0.0
2020-02-25,67.83377075195312,68.17408752441406,65.69371795654297,66.62957763671875,1553059,0,0.0
2020-02-26,67.05497741699219,68.63874053955078,66.40052032470703,66.42670440673828,1325234,0,0.0
2020-02-27,65.44502258300781,67.93193817138672,64.86256408691406,65.83769226074219,1497898,0,0.0
2020-02-28,64.28010559082031,67.13350677490234,64.18848419189453,66.2696304321289,2460080,0,0.0
2020-03-02,66.53795623779297,67.61125946044922,65.81806182861328,67.5196304321289,1893956,0,0.0
2020-03-03,67.29057312011719,68.6518325805664,65.28795623779297,65.89659881591797,1442890,0,0.0
2020-03-04,66.858642578125,67.22512817382812,65.99476623535156,67.10733032226562,1062266,0,0.0
2020-03-05,66.1518325805664,66.51832580566406,64.32591247558594,65.15052032470703,994575,0,0.0
2020-03-06,63.61256408691406,65.44502258300781,63.19371795654297,65.18978881835938,894033,0,0.0
2020-03-09,61.69502639770508,63.23298263549805,60.157066345214844,61.308902740478516,1145083,0,0.0
2020-03-10,62.52617645263672,63.50785446166992,59.95418930053711,61.86518478393555,1233096,0,0.0
2020-03-11,60.824607849121094,61.609947204589844,58.082462310791016,58.18062973022461,1051417,0,0.0
2020-03-12,55.98167419433594,55.98167419433594,52.72905731201172,52.97774887084961,1569409,0,0.0
2020-03-13,55.07853317260742,56.89790725708008,52.05497360229492,56.88481521606445,1386660,0,0.0
2020-03-16,51.119110107421875,57.7552375793457,51.05366516113281,53.331153869628906,1654977,0,0.0
2020-03-17,54.3259162902832,59.20811462402344,53.880889892578125,55.641361236572266,1325540,0,0.0
2020-03-18,52.925392150878906,55.641361236572266,48.93979263305664,51.145286560058594,1269615,0,0.0
2020-03-19,50.54319381713867,51.178009033203125,46.25,48.9005241394043,2788142,0,0.0
2020-03-20,48.67146682739258,50.68062973022461,47.15968704223633,47.539268493652344,2048590,0,0.0
2020-03-23,47.179317474365234,48.154449462890625,45.13743591308594,46.8259162902832,1537932,0,0.0
2020-03-24,48.13481521606445,50.49083709716797,48.049739837646484,50.29450225830078,750095,0,0.0
2020-03-25,50.379581451416016,54.24083709716797,48.952880859375,51.413612365722656,958056,0,0.0
2020-03-26,51.70157241821289,53.35078430175781,50.90968704223633,53.25261688232422,801589,0,0.0
2020-03-27,51.688480377197266,52.17277526855469,49.679317474365234,50.23560333251953,1004202,0,0.0
2020-03-30,50.47774887084961,53.592933654785156,50.1505241394043,53.141361236572266,952250,0,0.0
2020-03-31,53.187171936035156,55.130889892578125,52.77486801147461,54.299739837646484,680418,0,0.0
2020-04-01,52.3494758605957,54.58769607543945,52.21858596801758,53.93324661254883,767209,0,0.0
2020-04-02,53.74345397949219,56.132198333740234,53.39659881591797,56.00130844116211,680877,0,0.0
2020-04-03,55.56937026977539,56.71466064453125,55.157066345214844,56.354713439941406,771487,0,0.0
2020-04-06,58.21335220336914,58.23952865600586,56.891361236572266,57.833770751953125,993506,0,0.0
2020-04-07,59.07722473144531,60.73298263549805,57.47382354736328,57.604713439941406,674765,0,0.0
2020-04-08,57.558902740478516,59.28010559082031,57.31675338745117,58.30497360229492,396822,0,0.0
2020-04-09,58.854713439941406,61.03403091430664,58.48822021484375,60.47774887084961,813966,0,0.0
2020-04-13,60.104713439941406,60.45811462402344,57.833770751953125,58.99869155883789,390098,0,0.0
2020-04-14,59.81675338745117,61.871726989746094,59.81675338745117,61.583770751953125,585224,0,0.0
2020-04-15,60.53010559082031,60.80497360229492,59.096858978271484,59.88874435424805,428298,0,0.0
2020-04-16,60.38612747192383,60.4712028503418,58.48822021484375,60.26832580566406,705936,0,0.0
2020-04-17,61.47905731201172,61.9764404296875,60.74607467651367,61.72774887084961,476889,0,0.0
2020-04-20,61.348167419433594,61.8259162902832,60.13743591308594,60.35340118408203,685614,0,0.0
2020-04-21,59.698951721191406,60.058902740478516,58.01701736450195,58.95942306518555,714798,0,0.0
2020-04-22,59.856021881103516,60.04581069946289,59.05759048461914,59.574607849121094,350370,0,0.0
2020-04-23,59.607330322265625,60.53010559082031,59.28010559082031,59.49607467651367,404156,0,0.0
2020-04-24,60.117801666259766,60.49738311767578,59.142669677734375,60.01963424682617,450607,0,0.0
2020-04-27,60.61518478393555,61.7212028503418,60.45811462402344,61.23036575317383,541523,0,0.0
2020-04-28,62.198951721191406,62.32984161376953,60.7787971496582,61.07984161376953,548552,0,0.0
2020-04-29,62.356021881103516,62.722511291503906,61.354713439941406,61.55759048461914,637023,0,0.0
2020-04-30,61.407066345214844,61.43324661254883,59.928009033203125,60.11125564575195,704866,0,0.0
2020-05-01,59.358638763427734,59.8494758605957,57.846858978271484,58.108638763427734,445870,0,0.0
2020-05-04,57.643978118896484,57.76177978515625,56.75392532348633,57.23167419433594,775307,0,0.0
2020-05-05,57.88612747192383,58.75,57.297119140625,57.323299407958984,528535,0,0.0
2020-05-06,57.643978118896484,58.10209274291992,57.27094268798828,57.395286560058594,521354,0,0.0
2020-05-07,58.062828063964844,58.26570510864258,56.367801666259766,56.48560333251953,1164030,0,0.0
2020-05-08,55.301048278808594,59.332462310791016,54.97382354736328,58.664920806884766,1053556,0,0.0
2020-05-11,58.20680618286133,59.02486801147461,57.67015838623047,58.21989440917969,895102,0,0.0
2020-05-12,58.678009033203125,59.50916290283203,57.59162139892578,57.657066345214844,496906,0,0.0
2020-05-13,57.54581069946289,57.80759048461914,56.609947204589844,56.88481521606445,1136068,0,0.0
2020-05-14,56.092933654785156,56.20418930053711,54.4764404296875,54.79057693481445,1372755,0,0.0
2020-05-15,55.0523567199707,56.393978118896484,54.914920806884766,55.549739837646484,699060,0,0.0
2020-05-18,56.99607467651367,58.01701736450195,56.43979263305664,57.67015838623047,643746,0,0.0
2020-05-19,57.78795623779297,58.14790725708008,57.094242095947266,57.140052795410156,536022,0,0.0
2020-05-20,57.54581069946289,57.54581069946289,55.92277526855469,56.47905731201172,601268,0,0.0
2020-05-21,56.44633483886719,56.44633483886719,55.44502639770508,55.94240951538086,503170,0,0.0
2020-05-22,55.8769645690918,56.047119140625,55.41230392456055,55.5235595703125,436550,0,0.0
2020-05-26,56.380889892578125,57.10078430175781,56.145286560058594,56.44633483886719,495836,0,0.0
2020-05-27,57.356021881103516,58.87434768676758,57.04842758178711,58.619110107421875,682710,0,0.0
2020-05-28,59.142669677734375,59.142669677734375,57.18586349487305,57.617801666259766,812590,0,0.0
2020-05-29,57.21858596801758,57.69633483886719,56.49869155883789,56.9764404296875,742302,0,0.0
2020-06-01,57.2447624206543,58.08900451660156,56.52486801147461,57.846858978271484,488807,0,0.0
2020-06-02,58.128273010253906,58.141361236572266,57.356021881103516,57.80759048461914,709603,0,0.0
2020-06-03,58.28533935546875,59.4764404296875,58.2787971496582,58.854713439941406,642524,0,0.0
2020-06-04,58.2787971496582,58.9005241394043,57.604713439941406,57.78795623779297,826801,0,0.0
2020-06-05,59.02486801147461,59.54188537597656,58.53403091430664,59.5287971496582,801283,0,0.0
2020-06-08,59.68586349487305,62.918846130371094,59.68586349487305,62.905757904052734,889602,0,0.0
2020-06-09,62.166229248046875,62.21858596801758,60.890052795410156,61.335079193115234,904423,0,0.0
2020-06-10,61.38743591308594,61.38743591308594,58.68455505371094,59.03141403198242,1115593,0,0.0
2020-06-11,57.63743591308594,58.29842758178711,55.49738311767578,55.549739837646484,904270,0,0.0
2020-06-12,56.93062973022461,56.98952865600586,55.26177978515625,56.24345397949219,805256,0,0.0
2020-06-15,55.104713439941406,58.63874435424805,54.437171936035156,58.45549774169922,934525,0,0.0
2020-06-16,59.895286560058594,60.085079193115234,58.44240951538086,58.8023567199707,617465,0,0.0
2020-06-17,59.03141403198242,59.03141403198242,57.97774887084961,58.24607467651367,857361,0,0.0
2020-06-18,57.7552375793457,59.04450225830078,57.53272247314453,58.2264404296875,707770,0,0.0
2020-06-19,58.108638763427734,59.26701736450195,58.10209274291992,58.691097259521484,1743601,0,0.0
2020-06-22,60.45811462402344,61.132198333740234,58.84162139892578,59.10340118408203,961112,0,0.0
2020-06-23,59.607330322265625,59.607330322265625,58.121726989746094,58.30497360229492,719841,0,0.0
2020-06-24,57.74214553833008,57.82722473144531,55.628273010253906,56.54450225830078,868057,0,0.0
2020-06-25,56.37434768676758,56.37434768676758,55.366493225097656,56.28272247314453,1173351,0,0.0
2020-06-26,55.9947624206543,56.832462310791016,55.51047134399414,56.23691177368164,2012682,0,0.0
2020-06-29,56.551048278808594,57.56544494628906,56.25,57.395286560058594,515853,0,0.0
2020-06-30,57.414920806884766,57.56544494628906,56.812828063964844,57.342933654785156,503170,0,0.0
2020-07-01,57.074607849121094,57.96466064453125,56.675392150878906,57.2447624206543,560165,0,0.0
2020-07-02,57.846858978271484,58.51439666748047,56.950260162353516,57.1269645690918,422492,0,0.0
2020-07-06,57.892669677734375,58.619110107421875,57.702880859375,58.43586349487305,865459,0,0.0
2020-07-07,58.049739837646484,59.01832580566406,57.82722473144531,58.527488708496094,621438,0,0.0
2020-07-08,58.56020736694336,59.16230392456055,58.29188537597656,58.344242095947266,956528,0,0.0
2020-07-09,58.03010559082031,58.448951721191406,56.407066345214844,56.49214553833008,870654,0,0.0
2020-07-10,56.53141403198242,57.395286560058594,56.28272247314453,56.937171936035156,592558,0,0.0
2020-07-13,57.19240951538086,57.558902740478516,56.668846130371094,57.02225112915039,683169,0,0.0
2020-07-14,57.02225112915039,57.76832580566406,56.56413650512695,57.7552375793457,876919,0,0.0
2020-07-15,58.50130844116211,59.188480377197266,58.26570510864258,58.36387252807617,552066,0,0.0
2020-07-16,58.28533935546875,58.416229248046875,57.50654602050781,57.70942306518555,448774,0,0.0
2020-07-17,57.73560333251953,58.19371795654297,57.558902740478516,57.820682525634766,296890,0,0.0
2020-07-20,57.336387634277344,57.604713439941406,56.616493225097656,57.01570510864258,434410,0,0.0
2020-07-21,57.29057693481445,58.73691177368164,57.29057693481445,58.082462310791016,547330,0,0.0
2020-07-22,57.45418930053711,58.01701736450195,57.2447624206543,57.89921569824219,489724,0,0.0
2020-07-23,57.905757904052734,58.63874435424805,57.833770751953125,57.918846130371094,651386,0,0.0
2020-07-24,58.06937026977539,58.20680618286133,57.140052795410156,57.26439666748047,432424,0,0.0
2020-07-27,57.06806182861328,57.598167419433594,56.93062973022461,57.50654602050781,394224,0,0.0
2020-07-28,57.28403091430664,58.05628204345703,57.28403091430664,57.63743591308594,446176,0,0.0
2020-07-29,57.73560333251953,58.108638763427734,57.51308822631836,57.833770751953125,358163,0,0.0
2020-07-30,57.382198333740234,57.859947204589844,56.668846130371094,57.82722473144531,422339,0,0.0
2020-07-31,57.382198333740234,58.082462310791016,56.858638763427734,58.0759162902832,508213,0,0.0
2020-08-03,58.33769607543945,58.95942306518555,57.663612365722656,58.68455505371094,543510,0,0.0
2020-08-04,58.63874435424805,60.301048278808594,58.63874435424805,60.24214553833008,659332,0,0.0
2020-08-05,60.39921569824219,60.49083709716797,59.48298263549805,59.86256408691406,528077,0,0.0
2020-08-06,59.78403091430664,60.45811462402344,59.52225112915039,59.96727752685547,557109,0,0.0
2020-08-07,60.19633483886719,60.19633483886719,57.356021881103516,58.200260162353516,953625,0,0.0
2020-08-10,57.99083709716797,58.70418930053711,57.99083709716797,58.403141021728516,844831,0,0.0
2020-08-11,58.75654602050781,59.404449462890625,57.643978118896484,57.833770751953125,741080,0,0.0
2020-08-12,57.905757904052734,58.48822021484375,57.85340118408203,58.0235595703125,500267,0,0.0
2020-08-13,58.592933654785156,59.51570510864258,58.03664779663086,58.095550537109375,787226,0,0.0
2020-08-14,57.73560333251953,58.141361236572266,57.45418930053711,57.51963424682617,548552,0,0.0
2020-08-17,57.49345397949219,57.77486801147461,56.76701736450195,56.812828063964844,1185117,0,0.0
2020-08-18,56.8259162902832,57.179317474365234,55.94240951538086,57.153141021728516,921078,0,0.0
2020-08-19,57.20549774169922,57.21204376220703,56.68193817138672,56.86518478393555,579418,0,0.0
2020-08-20,56.60340118408203,56.83900451660156,56.07984161376953,56.145286560058594,422492,0,0.0
2020-08-21,55.883506774902344,56.06020736694336,55.157066345214844,55.79188537597656,808006,0,0.0
2020-08-24,55.77225112915039,56.66230392456055,55.53664779663086,56.629581451416016,312476,0,0.0
2020-08-25,56.878273010253906,56.88481521606445,56.06020736694336,56.799739837646484,396974,0,0.0
2020-08-26,56.96335220336914,57.153141021728516,56.289268493652344,56.59031295776367,532508,0,0.0
2020-08-27,56.7212028503418,57.74214553833008,56.63612747192383,57.23822021484375,528688,0,0.0
2020-08-28,57.36256408691406,58.26570510864258,56.596858978271484,58.23298263549805,908396,0,0.0
2020-08-31,57.94502639770508,58.416229248046875,57.604713439941406,57.604713439941406,666819,0,0.0
2020-09-01,57.36256408691406,57.36256408691406,56.26963424682617,56.46596908569336,868515,0,0.0
2020-09-02,56.335079193115234,58.46204376220703,56.335079193115234,58.18062973022461,551302,0,0.0
2020-09-03,57.918846130371094,58.76963424682617,56.96335220336914,57.22513198852539,526090,0,0.0
2020-09-04,57.70942306518555,58.25916290283203,57.120418548583984,58.19371795654297,650622,0,0.0
2020-09-08,58.05628204345703,58.167537689208984,56.164920806884766,56.43324661254883,615478,0,0.0
2020-09-09,56.6230354309082,57.153141021728516,55.69371795654297,56.29581069946289,747192,0,0.0
2020-09-10,56.43979263305664,56.9240837097168,54.81675338745117,54.836387634277344,975322,0,0.0
2020-09-11,54.698951721191406,55.143978118896484,54.2212028503418,54.378273010253906,1139582,0,0.0
2020-09-14,54.65968704223633,54.80366516113281,53.913612365722656,54.01177978515625,1361754,0,0.0
2020-09-15,54.561519622802734,56.32853317260742,54.26047134399414,55.79842758178711,1530598,0,0.0
2020-09-16,55.95549774169922,57.356021881103516,55.79842758178711,56.950260162353516,1140041,0,0.0
2020-09-17,56.42015838623047,56.48560333251953,55.582462310791016,56.335079193115234,673084,0,0.0
2020-09-18,56.380889892578125,56.53141403198242,55.301048278808594,56.00130844116211,1313469,0,0.0
2020-09-21,55.12434768676758,56.1976432800293,54.640052795410156,55.28141403198242,980212,0,0.0
2020-09-22,55.366493225097656,56.26963424682617,54.95418930053711,55.0,736649,0,0.0
2020-09-23,55.29450225830078,55.857330322265625,53.75,53.9005241394043,656429,0,0.0
2020-09-24,53.691097259521484,54.67277526855469,53.25916290283203,54.1230354309082,650928,0,0.0
2020-09-25,54.096858978271484,54.92146682739258,53.94633483886719,54.82984161376953,541676,0,0.0
2020-09-28,55.34031295776367,55.92277526855469,55.202880859375,55.405757904052734,607686,0,0.0
2020-09-29,55.5235595703125,55.562828063964844,54.48298263549805,54.76439666748047,581098,0,0.0
2020-09-30,54.86256408691406,56.655757904052734,54.86256408691406,56.28272247314453,1189548,0,0.0
2020-10-01,56.47905731201172,57.73560333251953,56.42015838623047,57.06806182861328,1086408,0,0.0
2020-10-02,56.688480377197266,58.3769645690918,56.28272247314453,58.049739837646484,532355,0,0.0
2020-10-05,58.403141021728516,59.10340118408203,58.33769607543945,58.56675338745117,657346,0,0.0
2020-10-06,58.8023567199707,59.070682525634766,57.47382354736328,58.03664779663086,769195,0,0.0
2020-10-07,58.141361236572266,58.848167419433594,57.663612365722656,58.65837860107422,569180,0,0.0
2020-10-08,58.94633483886719,60.143978118896484,58.73036575317383,59.928009033203125,632592,0,0.0
2020-10-09,60.32722473144531,61.37434768676758,59.856021881103516,60.628273010253906,858278,0,0.0
2020-10-12,60.73298263549805,61.03403091430664,60.27486801147461,60.38612747192383,579265,0,0.0
2020-10-13,59.960731506347656,60.69371795654297,59.79057693481445,59.9476432800293,535717,0,0.0
2020-10-14,59.75130844116211,60.50392532348633,59.73167419433594,60.176700592041016,444648,0,0.0
2020-10-15,59.77094268798828,60.39921569824219,59.61387252807617,60.12434768676758,683016,0,0.0
2020-10-16,60.51047134399414,61.60340118408203,60.379581451416016,60.96858596801758,628161,0,0.0
2020-10-19,60.96858596801758,61.904449462890625,59.81020736694336,60.0523567199707,696462,0,0.0
2020-10-20,60.53010559082031,60.595550537109375,59.65968704223633,59.777488708496094,388112,0,0.0
2020-10-21,59.50261688232422,60.222511291503906,59.50261688232422,59.79057693481445,306364,0,0.0
2020-10-22,59.97382354736328,60.77225112915039,59.88874435424805,60.621726989746094,587822,0,0.0
2020-10-23,60.96204376220703,61.027488708496094,60.301048278808594,60.608638763427734,302697,0,0.0
2020-10-26,60.18324661254883,60.438480377197266,59.391361236572266,59.777488708496094,329284,0,0.0
2020-10-27,59.51570510864258,59.93455505371094,59.332462310791016,59.46989440917969,339522,0,0.0
2020-10-28,58.678009033203125,58.99214553833008,56.6230354309082,56.70811462402344,589961,0,0.0
2020-10-29,56.43324661254883,56.80628204345703,55.70680618286133,56.49869155883789,694323,0,0.0
2020-10-30,56.119110107421875,56.9240837097168,55.890052795410156,56.21727752685547,548858,0,0.0
2020-11-02,56.88481521606445,57.918846130371094,56.321990966796875,57.74214553833008,653373,0,0.0
2020-11-03,58.67146682739258,60.18979263305664,58.344242095947266,59.345550537109375,442203,0,0.0
2020-11-04,59.46989440917969,59.95418930053711,58.50130844116211,58.62565231323242,401253,0,0.0
2020-11-05,59.378273010253906,60.7787971496582,59.070682525634766,60.2552375793457,435938,0,0.0
2020-11-06,60.64790725708008,60.73298263549805,59.581153869628906,60.039268493652344,266636,0,0.0
2020-11-09,62.51308822631836,64.67277526855469,62.382198333740234,64.0510482788086,812590,0,0.0
2020-11-10,64.66622924804688,66.0340347290039,63.632198333740234,65.83769226074219,511574,0,0.0
2020-11-11,66.08638763427734,66.3481674194336,65.202880859375,65.79843139648438,543662,0,0.0
2020-11-12,65.90313720703125,66.0340347290039,65.2225112915039,65.64790344238281,649706,0,0.0
2020-11-13,65.95549774169922,67.34947967529297,65.48429107666016,67.17277526855469,686225,0,0.0
2020-11-16,68.06282806396484,68.20680236816406,66.73429107666016,67.09423828125,1096493,0,0.0
2020-11-17,66.57722473144531,66.92408752441406,65.45156860351562,65.90968322753906,840706,0,0.0
2020-11-18,66.02094268798828,66.07984161376953,63.324607849121094,63.56020736694336,1008938,0,0.0
2020-11-19,63.573299407958984,64.2735595703125,62.70942306518555,63.28533935546875,900909,0,0.0
2020-11-20,60.86387252807617,62.643978118896484,58.76308822631836,59.24738311767578,1862479,0,0.0
2020-11-23,59.30628204345703,59.81675338745117,58.35078430175781,59.03141403198242,1087630,0,0.0
2020-11-24,60.01308822631836,63.095550537109375,59.75785446166992,62.70942306518555,1008480,0,0.0
2020-11-25,62.51308822631836,63.16099548339844,61.75392532348633,62.382198333740234,480862,0,0.0
2020-11-27,62.54581069946289,63.46204376220703,62.06806182861328,63.42277526855469,292001,0,0.0
2020-11-30,63.03664779663086,63.29188537597656,61.73429489135742,61.81937026977539,604935,0,0.0
2020-12-01,62.45418930053711,62.45418930053711,60.56937026977539,61.20418930053711,738482,0,0.0
2020-12-02,60.96858596801758,61.05366516113281,59.561519622802734,59.70549774169922,687600,0,0.0
2020-12-03,59.55497360229492,61.76047134399414,59.46989440917969,61.321990966796875,653067,0,0.0
2020-12-04,61.616493225097656,62.140052795410156,61.12565231323242,61.70157241821289,549010,0,0.0
2020-12-07,61.70157241821289,61.74738311767578,60.700260162353516,60.79188537597656,479639,0,0.0
2020-12-08,60.366493225097656,61.7212028503418,60.23560333251953,61.53141403198242,607380,0,0.0
2020-12-09,61.69502639770508,61.76701736450195,61.00785446166992,61.609947204589844,431354,0,0.0
2020-12-10,61.68193817138672,61.94371795654297,61.26308822631836,61.76047134399414,375582,0,0.0
2020-12-11,61.51832580566406,62.98429489135742,61.51832580566406,62.859947204589844,573764,0,0.0
2020-12-14,63.095550537109375,64.14921569824219,63.01701736450195,63.48822021484375,893727,0,0.0
2020-12-15,64.32591247558594,64.74476623535156,63.35078430175781,63.893978118896484,734968,0,0.0
2020-12-16,64.0575942993164,65.34686279296875,63.29842758178711,63.74345397949219,707922,0,0.0
2020-12-17,63.808902740478516,64.71858978271484,63.50785446166992,64.68586730957031,713423,0,0.0
2020-12-18,65.08507537841797,65.27487182617188,64.03141021728516,64.71858978271484,1597677,0,0.0
2020-12-21,63.691097259521484,64.3782730102539,62.892669677734375,64.29319763183594,716479,0,0.0
2020-12-22,64.30628204345703,64.87565612792969,63.73036575317383,64.60078430175781,592711,0,0.0
2020-12-23,65.1177978515625,65.90313720703125,64.72512817382812,65.55628204345703,490335,0,0.0
2020-12-24,65.78533935546875,65.78533935546875,64.68586730957031,65.64790344238281,215754,0,0.0
2020-12-28,65.88350677490234,66.84555053710938,65.45811462402344,66.37434387207031,582168,0,0.0
2020-12-29,66.58377075195312,66.891357421875,65.92277526855469,66.25,725647,0,0.0
2020-12-30,66.06021118164062,66.59686279296875,65.43193817138672,66.27617645263672,573458,0,0.0
2020-12-31,66.3547134399414,66.76046752929688,65.99476623535156,66.10601806640625,636412,0,0.0
2021-01-04,65.81151580810547,66.15837860107422,64.6989517211914,65.5235595703125,527160,0,0.0
2021-01-05,65.41230773925781,66.17800903320312,64.82984161376953,65.01309204101562,526854,0,0.0
2021-01-06,65.28141021728516,65.9293212890625,64.5811538696289,65.09162139892578,721216,0,0.0
2021-01-07,65.202880859375,65.86387634277344,64.28010559082031,65.64790344238281,653984,0,0.0
2021-01-08,65.88350677490234,66.08638763427734,64.86911010742188,65.89005279541016,531286,0,0.0
2021-01-11,65.53010559082031,65.96204376220703,64.48298645019531,64.73822021484375,377110,0,0.0
2021-01-12,64.60733032226562,64.71858978271484,63.57984161376953,63.972511291503906,633967,0,0.0
2021-01-13,64.16230773925781,65.73298645019531,63.893978118896484,65.2225112915039,518145,0,0.0
2021-01-14,65.77224731445312,66.02094268798828,64.99345397949219,65.03272247314453,391015,0,0.0
2021-01-15,64.5811538696289,65.26177978515625,64.358642578125,64.67277526855469,513408,0,0.0
2021-01-19,65.13088989257812,65.58900451660156,64.20811462402344,64.358642578125,588127,0,0.0
2021-01-20,64.31937408447266,64.84947967529297,63.92015838623047,64.45680236816406,611964,0,0.0
2021-01-21,64.52879333496094,65.24214935302734,64.10994720458984,64.8822021484375,490794,0,0.0
2021-01-22,64.63350677490234,65.26832580566406,64.28665161132812,64.75131225585938,372068,0,0.0
2021-01-25,64.26046752929688,67.5196304321289,64.26046752929688,65.75261688232422,439453,0,0.0
2021-01-26,65.68717193603516,66.01439666748047,64.88874053955078,65.66099548339844,494766,0,0.0
2021-01-27,65.11125946044922,65.57591247558594,60.73298263549805,60.870418548583984,1843685,0,0.0
2021-01-28,61.26308822631836,64.09031677246094,60.86387252807617,63.57984161376953,1074795,0,0.0
2021-01-29,63.25261688232422,63.44240951538086,61.81937026977539,62.074607849121094,1024982,0,0.0
2021-02-01,62.45418930053711,62.97774887084961,61.191097259521484,61.52486801147461,574681,0,0.0
2021-02-02,62.120418548583984,62.833770751953125,61.74083709716797,61.98952865600586,698907,0,0.0
2021-02-03,61.688480377197266,62.198951721191406,60.07853317260742,61.78010559082031,809687,0,0.0
2021-02-04,61.83900451660156,62.879581451416016,61.393978118896484,62.40837860107422,657804,0,0.0
2021-02-05,64.07722473144531,66.60994720458984,62.78795623779297,63.0235595703125,1355947,0,0.0
2021-02-08,63.383506774902344,64.58769226074219,62.74869155883789,64.35209655761719,664680,0,0.0
2021-02-09,64.64659881591797,64.68586730957031,63.645286560058594,63.710731506347656,538926,0,0.0
2021-02-10,64.81675720214844,65.76570892333984,63.867801666259766,64.28010559082031,940790,0,0.0
2021-02-11,64.14266967773438,65.79188537597656,63.586387634277344,65.45811462402344,641913,0,0.0
2021-02-12,65.35340118408203,65.56282806396484,64.391357421875,65.44502258300781,463901,0,0.0
2021-02-16,65.44502258300781,65.57591247558594,64.28665161132812,65.03926849365234,648178,0,0.0
2021-02-17,64.9018325805664,65.39266967773438,64.46334838867188,64.83638763427734,366414,0,0.0
2021-02-18,64.65968322753906,64.94764709472656,63.92015838623047,64.09031677246094,585530,0,0.0
2021-02-19,64.43062591552734,64.8952865600586,63.75654602050781,63.93979263305664,425548,0,0.0
2021-02-22,63.79581069946289,64.28665161132812,63.46204376220703,63.97905731201172,345939,0,0.0
2021-02-23,64.29319763183594,64.86256408691406,63.28533935546875,64.50261688232422,669570,0,0.0
2021-02-24,64.56806182861328,65.13743591308594,64.16230773925781,64.22775268554688,502254,0,0.0
2021-02-25,63.96596908569336,64.80366516113281,62.722511291503906,63.39659881591797,494002,0,0.0
2021-02-26,63.691097259521484,64.41754150390625,62.585079193115234,62.866493225097656,801436,0,0.0
2021-03-01,63.43586349487305,64.39790344238281,62.94502639770508,64.02487182617188,717854,0,0.0
2021-03-02,64.03795623779297,64.83638763427734,63.43586349487305,64.19502258300781,544579,0,0.0
2021-03-03,64.2735595703125,64.94110107421875,64.06413269042969,64.55497741699219,561846,0,0.0
2021-03-04,64.75785064697266,66.70811462402344,64.5811538696289,66.02094268798828,756513,0,0.0
2021-03-05,66.51177978515625,67.85994720458984,66.51177978515625,67.75523376464844,664833,0,0.0
2021-03-08,68.4424057006836,70.01309204101562,68.06282806396484,68.59293365478516,656123,0,0.0
2021-03-09,68.20026397705078,68.7696304321289,66.62303924560547,66.62303924560547,644816,0,0.0
2021-03-10,66.59686279296875,67.63088989257812,66.27617645263672,67.04843139648438,772404,0,0.0
2021-03-11,67.03533935546875,67.66361236572266,66.63612365722656,66.72775268554688,359386,0,0.0
2021-03-12,67.06151580810547,67.64398193359375,66.45942687988281,66.76046752929688,350218,0,0.0
2021-03-15,66.60340118408203,68.1282730102539,66.60340118408203,68.08900451660156,439758,0,0.0
2021-03-16,68.16099548339844,68.71073150634766,67.79450225830078,68.63874053955078,426312,0,0.0
2021-03-17,68.71073150634766,69.31937408447266,68.48822021484375,68.77617645263672,663152,0,0.0
2021-03-18,68.7303695678711,69.04450225830078,67.5,67.90576171875,458553,0,0.0
2021-03-19,68.03010559082031,70.59555053710938,67.97775268554688,69.96727752685547,1606845,0,0.0
2021-03-22,70.03926849365234,70.03926849365234,68.547119140625,69.04450225830078,633814,0,0.0
2021-03-23,68.88743591308594,69.2735595703125,67.59162139892578,67.702880859375,558790,0,0.0
2021-03-24,67.29057312011719,68.28533935546875,66.96334838867188,67.48690795898438,426618,0,0.0
2021-03-25,67.52617645263672,69.20811462402344,67.12042236328125,69.0706787109375,345175,0,0.0
2021-03-26,69.29319763183594,70.4188461303711,68.76309204101562,70.33377075195312,392849,0,0.0
2021-03-29,70.17015838623047,71.33507537841797,69.4764404296875,70.20942687988281,323019,0,0.0
2021-03-30,70.02617645263672,70.31413269042969,69.11649322509766,69.82329559326172,353579,0,0.0
2021-03-31,69.6924057006836,69.92800903320312,69.13612365722656,69.18848419189453,577126,0,0.0
2021-04-01,69.08377075195312,69.51570892333984,68.94633483886719,69.35209655761719,575445,0,0.0
2021-04-05,69.62042236328125,70.65444946289062,69.1688461303711,70.51046752929688,404003,0,0.0
2021-04-06,70.34031677246094,71.59031677246094,69.92800903320312,71.44633483886719,732370,0,0.0
2021-04-07,71.53795623779297,71.62957763671875,69.95418548583984,70.87696075439453,989838,0,0.0
2021-04-08,70.66754150390625,71.25,69.90837860107422,71.07329559326172,710367,0,0.0
2021-04-09,71.11911010742188,71.11911010742188,69.44371795654297,69.48298645019531,853235,0,0.0
2021-04-12,69.64659881591797,71.047119140625,69.64659881591797,70.89659881591797,601879,0,0.0
2021-04-13,70.87042236328125,70.89005279541016,70.34686279296875,70.45811462402344,999770,0,0.0
2021-04-14,70.54973602294922,71.3481674194336,70.54319763183594,71.32199096679688,539231,0,0.0
2021-04-15,71.66230773925781,72.36911010742188,71.38088989257812,72.14659881591797,959278,0,0.0
2021-04-16,72.3822021484375,72.5,71.74083709716797,72.37565612792969,826801,0,0.0
2021-04-19,72.65052032470703,72.99083709716797,72.2840347290039,72.77487182617188,679349,0,0.0
2021-04-20,72.38874053955078,73.29843139648438,72.15968322753906,73.27879333496094,869432,0,0.0
2021-04-21,73.57329559326172,74.21466064453125,73.04319763183594,73.74345397949219,558178,0,0.0
2021-04-22,73.57984161376953,74.23429107666016,73.33769226074219,73.66492462158203,933455,0,0.0
2021-04-23,73.50785064697266,74.35209655761719,73.25916290283203,74.00523376464844,688975,0,0.0
2021-04-26,74.30628204345703,74.30628204345703,73.33769226074219,74.03795623779297,1092214,0,0.0
2021-04-27,73.58638763427734,74.14266967773438,73.40313720703125,73.71727752685547,445259,0,0.0
2021-04-28,73.75,74.00523376464844,73.2460708618164,73.75,644358,0,0.0
2021-04-29,74.0706787109375,74.6924057006836,74.01177978515625,74.56151580810547,274429,0,0.0
2021-04-30,74.4764404296875,74.83638763427734,74.09031677246094,74.46334838867188,479486,0,0.0
2021-05-03,74.85601806640625,75.81806182861328,74.77094268798828,75.17670440673828,356941,0,0.0
2021-05-04,75.25523376464844,75.45811462402344,74.45680236816406,75.20942687988281,523034,0,0.0
2021-05-05,75.36649322509766,75.64790344238281,74.09031677246094,74.81675720214844,658415,0,0.0
2021-05-06,75.26177978515625,76.95026397705078,75.08507537841797,76.04057312011719,559248,0,0.0
2021-05-07,75.98167419433594,76.69502258300781,74.30628204345703,76.1452865600586,695393,0,0.0
2021-05-10,76.22382354736328,77.16622924804688,75.60209655761719,75.97512817382812,422339,0,0.0
2021-05-11,76.07329559326172,76.78665161132812,75.64790344238281,76.09947967529297,502559,0,0.0
2021-05-12,75.9293212890625,76.4725112915039,75.27487182617188,75.35994720458984,478722,0,0.0
2021-05-13,75.15706634521484,76.71466064453125,75.15706634521484,76.4725112915039,615478,0,0.0
2021-05-14,76.68193817138672,77.00916290283203,76.43324279785156,76.83245849609375,307128,0,0.0
2021-05-17,76.7539291381836,77.01570892333984,76.047119140625,76.73429107666016,1120330,0,0.0
2021-05-18,76.68193817138672,76.858642578125,75.65444946289062,76.30235290527344,524868,0,0.0
2021-05-19,76.30889892578125,76.30889892578125,75.13743591308594,75.92277526855469,502254,0,0.0
2021-05-20,76.05366516113281,76.64266967773438,75.5235595703125,75.89659881591797,544426,0,0.0
2021-05-21,75.91622924804688,76.43978881835938,75.28141021728516,75.5039291381836,794866,0,0.0
2021-05-24,75.71989440917969,76.06675720214844,75.00654602050781,75.64790344238281,471694,0,0.0
2021-05-25,75.71334838867188,75.89005279541016,75.17670440673828,75.71989440917969,236993,0,0.0
2021-05-26,75.85733032226562,75.9424057006836,75.32722473144531,75.641357421875,354190,0,0.0
2021-05-27,75.90313720703125,76.13874053955078,74.5746078491211,74.71204376220703,444342,0,0.0
2021-05-28,74.84293365478516,75.7460708618164,74.84293365478516,75.608642578125,300710,0,0.0
2021-06-01,75.61518096923828,75.81151580810547,75.08507537841797,75.70680236816406,374513,0,0.0
2021-06-02,76.19764709472656,77.15968322753906,75.77224731445312,76.07984161376953,566735,0,0.0
2021-06-03,75.71989440917969,76.23690795898438,75.57591247558594,76.09947967529297,293376,0,0.0
2021-06-04,76.37434387207031,76.73429107666016,75.641357421875,75.87042236328125,257774,0,0.0
2021-06-07,75.81151580810547,75.96204376220703,75.16361236572266,75.65444946289062,339216,0,0.0
2021-06-08,75.78533935546875,75.78533935546875,74.96073150634766,74.97382354736328,374207,0,0.0
2021-06-09,74.4764404296875,75.04581451416016,74.1753921508789,74.41754150390625,266636,0,0.0
2021-06-10,74.59423828125,75.1177978515625,73.8677978515625,74.70549774169922,268622,0,0.0
2021-06-11,74.94110107421875,74.94110107421875,74.09686279296875,74.81675720214844,192222,0,0.0
2021-06-14,74.66622924804688,74.86911010742188,73.90052032470703,74.33900451660156,1072198,0,0.0
2021-06-15,74.50916290283203,74.73167419433594,74.10340118408203,74.45026397705078,660096,0,0.0
2021-06-16,74.42408752441406,74.42408752441406,72.90576171875,73.141357421875,445259,0,0.0
2021-06-17,73.13481903076172,73.16754150390625,72.18586730957031,72.42146301269531,418672,0,0.0
2021-06-18,72.23167419433594,72.23167419433594,70.79843139648438,70.84423828125,865306,0,0.0
2021-06-21,71.1518325805664,71.90444946289062,70.79188537597656,71.8717269897461,569027,0,0.0
2021-06-22,71.94371795654297,71.94371795654297,70.85733032226562,71.07329559326172,323936,0,0.0
2021-06-23,71.00131225585938,71.00131225585938,69.90837860107422,70.33377075195312,474138,0,0.0
2021-06-24,70.47120666503906,70.9424057006836,69.80366516113281,70.8311538696289,436397,0,0.0
2021-06-25,70.89659881591797,71.891357421875,70.60209655761719,71.83900451660156,941248,0,0.0
2021-06-28,71.83900451660156,71.96989440917969,71.20418548583984,71.56413269042969,465887,0,0.0
2021-06-29,71.66230773925781,72.10078430175781,70.6282730102539,70.81806182861328,337535,0,0.0
2021-06-30,70.68717193603516,71.36125946044922,70.44502258300781,70.98822021484375,624799,0,0.0
2021-07-01,71.24345397949219,72.14005279541016,70.96204376220703,71.72775268554688,438689,0,0.0
2021-07-02,71.78665161132812,72.0746078491211,71.50523376464844,71.64266967773438,275804,0,0.0
2021-07-06,71.21727752685547,72.02224731445312,70.55628204345703,71.2303695678711,692795,0,0.0
2021-07-07,71.06021118164062,72.03533935546875,70.48429107666016,70.96858978271484,444342,0,0.0
2021-07-08,70.51046752929688,71.60340118408203,70.3206787109375,71.15837860107422,564138,0,0.0
2021-07-09,71.70156860351562,72.25131225585938,71.40706634521484,71.9764404296875,387806,0,0.0
2021-07-12,71.81937408447266,71.98953247070312,71.24345397949219,71.69502258300781,478417,0,0.0
2021-07-13,71.02094268798828,71.43978881835938,69.62042236328125,69.82984161376953,420353,0,0.0
2021-07-14,69.56151580810547,69.97382354736328,68.952880859375,69.29973602294922,331423,0,0.0
2021-07-15,69.21466064453125,69.95418548583984,69.12957763671875,69.81021118164062,541523,0,0.0
2021-07-16,70.12434387207031,70.34031677246094,69.14266967773438,69.2539291381836,284514,0,0.0
2021-07-19,68.92670440673828,69.10994720458984,67.70942687988281,68.23298645019531,764611,0,0.0
2021-07-20,68.37042236328125,69.46989440917969,68.04973602294922,68.81544494628906,993506,0,0.0
2021-07-21,69.12957763671875,69.18193817138672,68.03665161132812,68.39659881591797,466193,0,0.0
2021-07-22,68.141357421875,68.141357421875,66.96989440917969,67.56544494628906,509741,0,0.0
2021-07-23,67.98429107666016,68.35733032226562,67.56544494628906,68.16754150390625,169455,0,0.0
2021-07-26,67.97120666503906,68.60601806640625,67.97120666503906,68.34423828125,463901,0,0.0
2021-07-27,68.06282806396484,68.547119140625,67.67670440673828,68.0039291381836,273970,0,0.0
2021-07-28,67.85340118408203,67.85340118408203,66.61649322509766,67.04188537597656,879364,0,0.0
2021-07-29,67.15968322753906,67.55889892578125,66.78665161132812,66.83900451660156,316296,0,0.0
2021-07-30,66.58377075195312,67.4018325805664,66.58377075195312,66.9764404296875,442356,0,0.0
2021-08-02,67.0746078491211,67.52617645263672,65.97512817382812,66.52487182617188,433341,0,0.0
2021-08-03,66.53795623779297,67.45418548583984,65.76570892333984,66.7539291381836,504698,0,0.0
2021-08-04,66.44633483886719,66.59031677246094,64.29319763183594,64.84293365478516,582015,0,0.0
2021-08-05,64.96727752685547,65.67408752441406,64.67277526855469,65.0,677821,0,0.0
2021-08-06,70.05889892578125,74.43062591552734,68.42277526855469,70.51701354980469,1413706,0,0.0
2021-08-09,70.24868774414062,72.15968322753906,69.94764709472656,71.81937408447266,1313927,0,0.0
2021-08-10,71.72775268554688,72.44110107421875,71.13874053955078,71.91099548339844,827565,0,0.0
2021-08-11,72.36911010742188,73.31151580810547,71.66230773925781,72.57853698730469,792574,0,0.0
2021-08-12,73.09555053710938,74.24738311767578,72.61125946044922,74.0575942993164,604477,0,0.0
2021-08-13,74.28010559082031,75.07853698730469,73.98560333251953,74.75131225585938,461762,0,0.0
2021-08-16,74.6793212890625,75.24868774414062,74.45026397705078,75.07853698730469,342272,0,0.0
2021-08-17,74.92146301269531,76.63612365722656,74.35209655761719,76.27617645263672,650164,0,0.0
2021-08-18,76.30235290527344,76.30235290527344,74.7774887084961,74.81021118164062,375277,0,0.0
2021-08-19,74.15576171875,75.01309204101562,73.73690795898438,74.09686279296875,389334,0,0.0
2021-08-20,73.67800903320312,74.60733032226562,73.67800903320312,74.33245849609375,488196,0,0.0
2021-08-23,74.86911010742188,74.86911010742188,74.03795623779297,74.03795623779297,336160,0,0.0
2021-08-24,74.13612365722656,74.20156860351562,73.41622924804688,73.80889892578125,264191,0,0.0
2021-08-25,73.57329559326172,74.38481903076172,73.35733032226562,73.88743591308594,495378,0,0.0
2021-08-26,73.71073150634766,73.71073150634766,72.61125946044922,72.67670440673828,387348,0,0.0
2021-08-27,72.62434387207031,73.62565612792969,72.47382354736328,73.29843139648438,507296,0,0.0
2021-08-30,73.60601806640625,74.10340118408203,73.1217269897461,73.25261688232422,287417,0,0.0
2021-08-31,73.5274887084961,73.5274887084961,72.91230773925781,73.23953247070312,529299,0,0.0
2021-09-01,73.51439666748047,73.6518325805664,72.8075942993164,73.26570892333984,732523,0,0.0
2021-09-02,73.14790344238281,73.52094268798828,72.63743591308594,73.08900451660156,649247,0,0.0
2021-09-03,72.8075942993164,73.29843139648438,72.06806182861328,72.12696075439453,495683,0,0.0
2021-09-07,71.79973602294922,71.89790344238281,70.37303924560547,70.43848419189453,841164,0,0.0
2021-09-08,70.2225112915039,71.98953247070312,70.2225112915039,71.88481903076172,612270,0,0.0
2021-09-09,71.93717193603516,72.16622924804688,70.75916290283203,70.78533935546875,517228,0,0.0
2021-09-10,70.7264404296875,70.87696075439453,69.46334838867188,70.08507537841797,769195,0,0.0
2021-09-13,70.49738311767578,71.58377075195312,70.49738311767578,70.75261688232422,499809,0,0.0
2021-09-14,70.80497741699219,70.80497741699219,69.8822021484375,70.67408752441406,672473,0,0.0
2021-09-15,70.81806182861328,71.06021118164062,70.13743591308594,70.67408752441406,594086,0,0.0
2021-09-16,70.75261688232422,71.25654602050781,69.71858978271484,70.71989440917969,395905,0,0.0
2021-09-17,70.55628204345703,71.25654602050781,69.95418548583984,70.47775268554688,1188020,0,0.0
2021-09-20,69.74476623535156,70.22905731201172,68.8677978515625,69.54188537597656,408740,0,0.0
2021-09-21,69.82329559326172,70.12434387207031,68.93324279785156,69.22775268554688,510810,0,0.0
2021-09-22,69.5746078491211,70.5039291381836,68.75,70.3206787109375,340744,0,0.0
2021-09-23,70.36649322509766,71.43978881835938,70.36649322509766,70.7460708618164,495072,0,0.0
2021-09-24,70.79188537597656,71.43978881835938,70.40576171875,71.02094268798828,356024,0,0.0
2021-09-27,70.90968322753906,72.29057312011719,70.71334838867188,71.72120666503906,330048,0,0.0
2021-09-28,71.51177978515625,72.36911010742188,71.32199096679688,71.51177978515625,615784,0,0.0
2021-09-29,71.81937408447266,73.65837860107422,71.78010559082031,73.31151580810547,435633,0,0.0
2021-09-30,73.26570892333984,73.68455505371094,72.06151580810547,72.09423828125,530063,0,0.0
2021-10-01,72.55235290527344,73.16754150390625,71.91754150390625,72.77487182617188,625410,0,0.0
2021-10-04,72.44764709472656,73.52094268798828,72.44764709472656,72.59162139892578,764458,0,0.0
2021-10-05,72.50654602050781,72.9253921508789,71.82591247558594,72.44764709472656,1061349,0,0.0
2021-10-06,71.91754150390625,71.91754150390625,69.50261688232422,70.71334838867188,817327,0,0.0
2021-10-07,70.68717193603516,71.3677978515625,70.0196304321289,70.4188461303711,924440,0,0.0
2021-10-08,70.12434387207031,70.37957763671875,68.59947967529297,68.93324279785156,853694,0,0.0
2021-10-11,68.93324279785156,69.02487182617188,68.15444946289062,68.56021118164062,537550,0,0.0
2021-10-12,68.48167419433594,69.85601806640625,68.4424057006836,69.1753921508789,542593,0,0.0
2021-10-13,69.07722473144531,69.59423828125,68.54057312011719,69.29973602294922,577278,0,0.0
2021-10-14,69.75131225585938,70.2159652709961,69.09686279296875,69.21466064453125,656276,0,0.0
2021-10-15,69.50261688232422,69.88874053955078,68.9725112915039,68.9725112915039,533119,0,0.0
2021-10-18,68.61256408691406,69.4764404296875,68.35733032226562,68.88743591308594,738482,0,0.0
2021-10-19,69.18848419189453,69.54188537597656,68.63874053955078,68.70418548583984,575292,0,0.0
2021-10-20,68.61256408691406,69.52879333496094,68.58638763427734,68.8677978515625,715868,0,0.0
2021-10-21,68.90706634521484,69.43062591552734,68.87434387207031,69.11649322509766,292001,0,0.0
2021-10-22,69.04450225830078,70.37957763671875,69.04450225830078,70.2225112915039,1068683,0,0.0
2021-10-25,70.37303924560547,70.608642578125,69.11649322509766,69.48953247070312,788906,0,0.0
2021-10-26,69.56151580810547,70.07853698730469,69.13612365722656,69.14921569824219,427840,0,0.0
2021-10-27,69.07722473144531,69.14266967773438,66.50523376464844,66.58377075195312,592558,0,0.0
2021-10-28,66.48560333251953,67.34947967529297,66.1518325805664,66.74083709716797,536175,0,0.0
2021-10-29,66.60994720458984,67.3952865600586,66.17146301269531,66.41361236572266,627855,0,0.0
2021-11-01,66.32853698730469,67.52617645263672,66.32853698730469,67.10733032226562,563068,0,0.0
2021-11-02,67.27094268798828,67.74214935302734,66.95680236816406,67.34947967529297,543510,0,0.0
2021-11-03,67.4018325805664,68.80235290527344,67.36256408691406,68.7696304321289,451218,0,0.0
2021-11-04,68.59293365478516,69.44371795654297,67.93848419189453,67.97120666503906,411338,0,0.0
2021-11-05,68.46204376220703,69.29319763183594,68.37696075439453,68.71727752685547,450913,0,0.0
2021-11-08,68.63874053955078,68.93324279785156,67.94502258300781,68.21989440917969,616242,0,0.0
2021-11-09,68.19371795654297,69.61387634277344,68.19371795654297,69.51570892333984,385056,0,0.0
2021-11-10,69.63350677490234,70.0981674194336,69.18848419189453,69.54188537597656,363511,0,0.0
2021-11-11,69.43717193603516,69.73822021484375,68.84162139892578,69.29319763183594,220490,0,0.0
2021-11-12,69.48953247070312,70.43193817138672,69.42408752441406,69.7774887084961,324853,0,0.0
2021-11-15,70.17670440673828,70.90313720703125,69.7774887084961,70.45156860351562,345022,0,0.0
2021-11-16,70.43193817138672,71.31544494628906,69.59423828125,69.60733032226562,498281,0,0.0
2021-11-17,69.797119140625,69.84947967529297,68.80889892578125,69.33900451660156,455038,0,0.0
2021-11-18,68.99868774414062,69.24083709716797,67.34293365478516,68.87434387207031,719841,0,0.0
2021-11-19,69.9018325805664,69.9018325805664,65.24214935302734,66.31544494628906,1443196,0,0.0
2021-11-22,66.06021118164062,68.57984161376953,65.47120666503906,67.94502258300781,872182,0,0.0
2021-11-23,67.83377075195312,68.7696304321289,67.61125946044922,67.91230773925781,752998,0,0.0
2021-11-24,67.78795623779297,68.54057312011719,67.77487182617188,67.85994720458984,470166,0,0.0
2021-11-26,67.01570892333984,67.53926849365234,66.43324279785156,66.85209655761719,275651,0,0.0
2021-11-29,66.83245849609375,66.86518096923828,65.77224731445312,65.86387634277344,581251,0,0.0
2021-11-30,65.02617645263672,65.608642578125,63.062828063964844,63.21989440917969,1134082,0,0.0
2021-12-01,63.893978118896484,64.55497741699219,62.01570510864258,62.094242095947266,696921,0,0.0
2021-12-02,62.585079193115234,64.97382354736328,62.30366516113281,64.32591247558594,876919,0,0.0
2021-12-03,64.5746078491211,65.03926849365234,63.383506774902344,63.70418930053711,649858,0,0.0
2021-12-06,64.33900451660156,66.88481903076172,64.0706787109375,65.44502258300781,725647,0,0.0
2021-12-07,65.36649322509766,67.32984161376953,65.26832580566406,66.7539291381836,656429,0,0.0
2021-12-08,66.38088989257812,67.31675720214844,66.02094268798828,66.73429107666016,406295,0,0.0
2021-12-09,66.02094268798828,66.8782730102539,65.79188537597656,65.90313720703125,324853,0,0.0
2021-12-10,66.42015838623047,67.33638763427734,66.1322021484375,66.81282806396484,396669,0,0.0
2021-12-13,66.4659652709961,67.68978881835938,66.3547134399414,67.00261688232422,764917,0,0.0
2021-12-14,66.66230773925781,67.83377075195312,66.5510482788086,66.61649322509766,745053,0,0.0
2021-12-15,66.8782730102539,67.62434387207031,66.06675720214844,67.41492462158203,521201,0,0.0
2021-12-16,67.48690795898438,68.65837860107422,67.42146301269531,68.36387634277344,516922,0,0.0
2021-12-17,68.43586730957031,69.64005279541016,68.37696075439453,69.3717269897461,1787149,0,0.0
2021-12-20,68.74345397949219,68.94633483886719,67.95811462402344,68.50131225585938,404003,0,0.0
2021-12-21,68.77617645263672,69.52224731445312,68.65837860107422,69.20156860351562,405378,0,0.0
2021-12-22,69.09686279296875,69.64005279541016,68.90706634521484,69.63350677490234,371457,0,0.0
2021-12-23,69.7774887084961,70.31413269042969,69.65313720703125,70.06544494628906,306364,0,0.0
2021-12-27,69.68586730957031,70.58900451660156,69.4764404296875,70.49738311767578,553900,0,0.0
2021-12-28,70.56282806396484,72.51309204101562,70.56282806396484,72.4803695678711,412407,0,0.0
2021-12-29,72.68324279785156,73.55366516113281,72.08769226074219,73.48167419433594,366567,0,0.0
2021-12-30,73.59947967529297,74.53533935546875,72.99083709716797,73.03010559082031,529452,0,0.0
2021-12-31,73.01701354980469,74.01177978515625,72.89266967773438,73.77617645263672,331270,0,0.0
2022-01-03,73.8547134399414,74.45680236816406,73.23953247070312,73.79581451416016,481320,0,0.0
2022-01-04,73.98560333251953,75.05889892578125,73.70418548583984,74.3717269897461,745358,0,0.0
2022-01-05,74.60733032226562,75.85733032226562,73.99868774414062,74.97382354736328,600198,0,0.0
2022-01-06,75.4253921508789,75.60209655761719,74.46334838867188,74.73167419433594,589655,0,0.0
2022-01-07,74.62696075439453,76.62303924560547,74.20811462402344,75.641357421875,578348,0,0.0
2022-01-10,75.81151580810547,75.88350677490234,74.80366516113281,75.28795623779297,508824,0,0.0
2022-01-11,75.29450225830078,75.35994720458984,74.35209655761719,75.11125946044922,672473,0,0.0
2022-01-12,75.04581451416016,75.54319763183594,74.61387634277344,75.16361236572266,353579,0,0.0
2022-01-13,75.19633483886719,76.98298645019531,75.19633483886719,76.38088989257812,427687,0,0.0
2022-01-14,75.92277526855469,77.43455505371094,75.87696075439453,77.09423828125,493697,0,0.0
2022-01-18,76.78665161132812,77.15968322753906,75.70680236816406,75.90313720703125,641760,0,0.0
2022-01-19,76.16492462158203,76.37434387207031,75.0981674194336,75.7264404296875,468790,0,0.0
2022-01-20,75.36649322509766,76.04057312011719,74.51570892333984,74.72512817382812,579723,0,0.0
2022-01-21,74.73167419433594,75.02617645263672,73.59947967529297,73.82199096679688,770723,0,0.0
2022-01-24,72.94502258300781,73.86125946044922,71.76701354980469,73.78926849365234,874933,0,0.0
2022-01-25,73.1217269897461,73.1217269897461,69.87565612792969,70.27487182617188,982657,0,0.0
2022-01-26,70.26832580566406,70.90313720703125,68.57984161376953,69.33900451660156,634120,0,0.0
2022-01-27,69.75131225585938,70.43193817138672,68.108642578125,68.547119140625,464512,0,0.0
2022-01-28,68.13481903076172,69.5746078491211,67.53272247314453,69.53533935546875,651845,0,0.0
2022-01-31,68.99214935302734,69.3717269897461,68.38350677490234,69.2539291381836,1048361,0,0.0
2022-02-01,69.31937408447266,70.39266967773438,68.3246078491211,70.32722473144531,550844,0,0.0
2022-02-02,70.00654602050781,70.29450225830078,68.90706634521484,69.28665161132812,1300786,0,0.0
2022-02-03,69.62042236328125,69.62042236328125,68.62565612792969,68.9725112915039,1205745,0,0.0
2022-02-04,69.56806182861328,70.70680236816406,66.43978881835938,68.1282730102539,1449919,0,0.0
2022-02-07,67.9253921508789,68.63874053955078,66.83245849609375,67.87303924560547,903659,0,0.0
2022-02-08,68.25916290283203,69.88874053955078,67.9188461303711,69.56806182861328,971350,0,0.0
2022-02-09,70.64790344238281,70.9293212890625,69.66622924804688,69.96073150634766,556039,0,0.0
2022-02-10,68.99214935302734,70.2225112915039,68.92015838623047,69.12957763671875,642524,0,0.0
2022-02-11,69.12957763671875,70.5235595703125,68.95942687988281,69.76439666748047,492169,0,0.0
2022-02-14,70.1177978515625,71.27617645263672,69.64659881591797,71.02094268798828,672473,0,0.0
2022-02-15,71.53141021728516,72.25785064697266,70.99476623535156,71.5575942993164,380319,0,0.0
2022-02-16,71.41361236572266,72.13350677490234,70.80497741699219,71.17146301269531,423867,0,0.0
2022-02-17,70.9489517211914,71.1452865600586,69.99345397949219,70.99476623535156,411032,0,0.0
2022-02-18,71.06021118164062,71.4725112915039,70.01309204101562,70.71989440917969,603560,0,0.0
2022-02-22,70.35340118408203,71.5575942993164,69.64659881591797,70.89659881591797,647719,0,0.0
2022-02-23,71.28926849365234,71.60340118408203,70.2159652709961,70.84423828125,636565,0,0.0
2022-02-24,69.68586730957031,69.96073150634766,67.1989517211914,68.10209655761719,745664,0,0.0
2022-02-25,68.41622924804688,69.68586730957031,68.1282730102539,69.59423828125,445718,0,0.0
2022-02-28,68.47512817382812,69.0575942993164,68.06282806396484,68.80889892578125,480403,0,0.0
2022-03-01,68.84162139892578,69.18848419189453,67.702880859375,68.0039291381836,620062,0,0.0
2022-03-02,67.89921569824219,68.9725112915039,67.62434387207031,68.75,433341,0,0.0
2022-03-03,69.56151580810547,69.56151580810547,67.54581451416016,67.82722473144531,697226,0,0.0
2022-03-04,66.93717193603516,68.20680236816406,66.59686279296875,67.7159652709961,728703,0,0.0
2022-03-07,67.03533935546875,67.6177978515625,63.678009033203125,63.808902740478516,1702192,0,0.0
2022-03-08,63.835079193115234,65.05889892578125,61.68193817138672,64.22120666503906,1474062,0,0.0
2022-03-09,65.24214935302734,66.53141021728516,65.02617645263672,65.77879333496094,967835,0,0.0
2022-03-10,65.35340118408203,65.83769226074219,63.835079193115234,65.6217269897461,767514,0,0.0
2022-03-11,66.95999908447266,69.05000305175781,66.11000061035156,66.70999908447266,2377000,0,1.528
2022-03-14,67.0999984741211,67.88999938964844,66.41000366210938,66.80999755859375,1373400,0,0.0
2022-03-15,66.91999816894531,68.18000030517578,66.4800033569336,66.8499984741211,810900,0,0.0
2022-03-16,67.13999938964844,68.75,66.44999694824219,67.41999816894531,681300,0,0.0
2022-03-17,66.94999694824219,68.83999633789062,66.51000213623047,68.2699966430664,558100,0,0.0
2022-03-18,67.68000030517578,68.4000015258789,67.02999877929688,68.2300033569336,846400,0,0.0
2022-03-21,68.44999694824219,68.69000244140625,67.08000183105469,67.56999969482422,505200,0,0.0
2022-03-22,67.6500015258789,67.9800033569336,67.12999725341797,67.73999786376953,429800,0,0.0
2022-03-23,67.5999984741211,67.98999786376953,65.76000213623047,65.7699966430664,426300,0,0.0
2022-03-24,64.8499984741211,65.5,63.56999969482422,64.77999877929688,1067400,0,0.0
2022-03-25,64.77999877929688,64.83000183105469,63.529998779296875,64.48999786376953,554600,0,0.0
2022-03-28,64.47000122070312,65.30999755859375,63.709999084472656,65.25,689300,0,0.0
2022-03-29,65.94000244140625,68.48999786376953,65.73999786376953,68.44999694824219,756700,0,0.0
2022-03-30,68.31999969482422,68.69999694824219,67.69000244140625,68.51000213623047,441200,0,0.0
2022-03-31,68.2300033569336,70.02999877929688,68.05999755859375,69.26000213623047,590200,0,0.0
2022-04-01,69.41000366210938,71.1500015258789,69.13999938964844,71.01000213623047,750300,0,0.0
2022-04-04,70.93000030517578,72.2699966430664,70.58000183105469,72.04000091552734,536400,0,0.0
2022-04-05,71.98999786376953,72.97000122070312,71.08000183105469,71.19999694824219,492000,0,0.0
2022-04-06,71.06999969482422,71.68000030517578,70.62000274658203,71.0999984741211,401600,0,0.0
2022-04-07,71.23999786376953,72.4000015258789,71.23999786376953,72.2300033569336,451900,0,0.0
2022-04-08,72.2699966430664,73.58999633789062,72.05000305175781,72.81999969482422,336900,0,0.0
2022-04-11,72.80999755859375,74.75,72.80999755859375,73.61000061035156,379400,0,0.0
2022-04-12,73.83000183105469,74.55999755859375,72.44999694824219,73.2300033569336,776900,0,0.0
2022-04-13,72.83000183105469,75.05999755859375,72.80000305175781,74.79000091552734,623800,0,0.0
2022-04-14,74.63999938964844,75.33000183105469,74.2300033569336,74.70999908447266,467900,0,0.0
2022-04-18,74.37000274658203,75.30000305175781,74.0199966430664,74.23999786376953,282600,0,0.0
2022-04-19,74.37999725341797,76.30000305175781,73.72000122070312,75.94000244140625,348000,0,0.0
2022-04-20,76.36000061035156,77.44999694824219,76.0,76.87999725341797,369600,0,0.0
2022-04-21,77.0,77.94000244140625,76.7300033569336,77.25,435000,0,0.0
2022-04-22,77.0199966430664,77.73999786376953,76.37000274658203,76.44000244140625,367800,0,0.0
2022-04-25,76.16000366210938,76.47000122070312,74.48999786376953,76.23999786376953,454500,0,0.0
2022-04-26,75.91999816894531,76.41000366210938,73.9000015258789,73.91999816894531,396800,0,0.0
2022-04-27,74.08000183105469,75.41999816894531,73.7300033569336,74.72000122070312,325000,0,0.0
2022-04-28,75.16999816894531,76.75,74.52999877929688,76.37999725341797,371600,0,0.0
2022-04-29,76.63999938964844,77.06999969482422,74.20999908447266,74.38999938964844,432300,0,0.0
2022-05-02,74.63999938964844,74.79000091552734,72.27999877929688,73.18000030517578,356700,0,0.0
2022-05-03,72.83000183105469,74.91999816894531,72.63999938964844,74.29000091552734,375500,0,0.0
2022-05-04,74.20999908447266,75.69000244140625,73.77999877929688,75.6500015258789,414100,0,0.0
2022-05-05,75.23999786376953,76.30999755859375,74.77999877929688,75.5,490900,0,0.0
2022-05-06,76.43000030517578,81.26000213623047,76.0,80.75,898400,0,0.0
2022-05-09,80.93000030517578,82.36000061035156,79.72000122070312,79.79000091552734,1230800,0,0.0
2022-05-10,81.26000213623047,81.63999938964844,77.79000091552734,78.5999984741211,936200,0,0.0
2022-05-11,80.1500015258789,81.2300033569336,78.41999816894531,78.87999725341797,906300,0,0.0
2022-05-12,78.62999725341797,79.62000274658203,77.4800033569336,78.5199966430664,780000,0,0.0
2022-05-13,79.06999969482422,79.80999755859375,78.33999633789062,79.51000213623047,1014600,0,0.0
2022-05-16,79.75,81.26000213623047,79.12000274658203,81.12999725341797,635300,0,0.0
2022-05-17,80.97000122070312,82.98999786376953,79.8499984741211,82.88999938964844,494500,0,0.0
2022-05-18,82.52999877929688,82.83999633789062,78.05999755859375,78.5999984741211,685800,0,0.0
2022-05-19,77.91999816894531,78.56999969482422,75.05999755859375,77.48999786376953,632800,0,0.0
2022-05-20,77.86000061035156,78.0199966430664,76.43000030517578,77.12999725341797,582300,0,0.0
2022-05-23,77.80999755859375,79.83999633789062,77.2699966430664,78.61000061035156,894800,0,0.0
2022-05-24,78.48999786376953,81.13999938964844,77.83000183105469,80.9800033569336,758400,0,0.0
2022-05-25,80.98999786376953,81.56999969482422,80.11000061035156,80.30999755859375,747900,0,0.0
2022-05-26,81.5999984741211,82.25,80.2300033569336,81.52999877929688,522400,0,0.0
2022-05-27,81.38999938964844,82.9800033569336,81.29000091552734,82.9800033569336,457700,0,0.0
2022-05-31,82.55999755859375,82.75,81.80000305175781,82.2300033569336,385000,0,0.0
2022-06-01,81.97000122070312,81.97000122070312,80.48999786376953,81.18000030517578,388500,0,0.0
2022-06-02,80.93000030517578,81.23999786376953,79.26000213623047,81.19999694824219,331200,0,0.0
2022-06-03,80.88999938964844,80.97000122070312,80.27999877929688,80.54000091552734,208700,0,0.0
2022-06-06,81.05000305175781,82.12000274658203,80.66000366210938,82.06999969482422,353500,0,0.0
2022-06-07,81.19999694824219,82.6500015258789,81.12000274658203,82.5199966430664,411900,0,0.0
2022-06-08,81.58000183105469,82.30999755859375,80.87000274658203,80.95999908447266,358500,0,0.0
2022-06-09,81.04000091552734,81.05000305175781,79.27999877929688,79.33000183105469,207700,0,0.0
2022-06-10,78.11000061035156,79.43000030517578,77.87999725341797,78.9800033569336,221600,0,0.0
2022-06-13,78.19999694824219,78.52999877929688,76.58000183105469,76.97000122070312,310700,0,0.0
2022-06-14,76.95999908447266,77.80000305175781,75.5199966430664,76.01000213623047,339100,0,0.0
2022-06-15,76.62999725341797,77.66000366210938,75.61000061035156,76.33999633789062,461600,0,0.0
2022-06-16,75.79000091552734,75.79000091552734,74.23999786376953,74.30000305175781,501800,0,0.0
2022-06-17,74.44999694824219,76.12999725341797,74.08999633789062,75.7699966430664,626100,0,0.0
2022-06-21,77.11000061035156,77.55000305175781,76.1500015258789,77.11000061035156,610500,0,0.0
2022-06-22,76.72000122070312,77.11000061035156,76.0999984741211,76.13999938964844,412000,0,0.0
2022-06-23,76.44000244140625,77.43000030517578,76.33999633789062,77.25,336400,0,0.0
2022-06-24,77.58999633789062,80.19999694824219,77.58999633789062,80.08000183105469,614000,0,0.0
2022-06-27,80.26000213623047,82.98999786376953,79.86000061035156,82.81999969482422,443500,0,0.0
2022-06-28,83.27999877929688,84.05999755859375,81.38999938964844,81.54000091552734,376200,0,0.0
2022-06-29,81.44000244140625,83.68000030517578,81.22000122070312,82.80999755859375,401000,0,0.0
2022-06-30,81.83000183105469,83.23999786376953,81.81999969482422,82.3499984741211,484800,0,0.0
2022-07-01,81.91999816894531,84.4000015258789,81.91999816894531,84.37000274658203,334300,0,0.0
2022-07-05,83.83999633789062,84.08999633789062,81.16999816894531,83.13999938964844,486200,0,0.0
2022-07-06,82.95999908447266,84.22000122070312,82.5199966430664,83.55999755859375,299900,0,0.0
2022-07-07,83.94999694824219,84.41999816894531,82.86000061035156,83.4800033569336,400800,0,0.0
2022-07-08,84.08000183105469,84.25,82.80999755859375,83.30000305175781,282400,0,0.0
2022-07-11,82.66000366210938,83.7300033569336,82.5999984741211,82.80999755859375,229800,0,0.0
2022-07-12,82.69999694824219,85.5999984741211,82.69000244140625,83.83000183105469,377300,0,0.0
2022-07-13,83.1500015258789,84.33999633789062,82.37999725341797,83.72000122070312,242700,0,0.0
2022-07-14,82.45999908447266,83.87999725341797,82.16000366210938,83.58999633789062,257000,0,0.0
2022-07-15,84.81999969482422,84.93000030517578,83.76000213623047,83.8499984741211,315300,0,0.0
2022-07-18,84.05000305175781,84.63999938964844,83.33000183105469,83.37000274658203,197000,0,0.0
2022-07-19,84.0199966430664,85.33000183105469,84.0199966430664,84.76000213623047,267300,0,0.0
2022-07-20,84.93000030517578,84.93000030517578,83.41000366210938,84.05999755859375,228300,0,0.0
2022-07-21,84.04000091552734,84.62999725341797,83.37999725341797,84.27999877929688,291200,0,0.0
2022-07-22,84.58999633789062,84.83000183105469,83.70999908447266,84.66999816894531,238600,0,0.0
2022-07-25,84.9000015258789,85.66999816894531,84.36000061035156,84.83000183105469,294300,0,0.0
2022-07-26,84.05999755859375,85.66000366210938,84.05999755859375,85.62999725341797,296200,0,0.0
